100
2525 1
2400 5
300 2
120 60
60 90
783612328 67
405983695 8573
559119285 4936
327031418 3309
64774687 7731
354622018 2566
32037020 518
371924968 5030
498783344 7895
311637178 1579
375707561 9481
699097201 301
487931187 7157
148203152 2532
406399199 9157
531343907 1323
65318442 7327
440396240 6997
25023132 9059
373198792 6260
516942945 4693
643498995 9116
606944365 5030
308091521 8466
562564041 2925
324348375 4616
454557656 457
222025803 1009
175080728 9152
548397233 9262
522246207 775
725472446 929
606283537 6988
173383633 7644
129884302 6921
589174740 5887
85769711 7329
131854522 7574
479192173 1489
671434414 6934
23302759 4025
684127088 4723
122416555 1350
359619364 8720
10251911 6822
487753455 9103
601353433 12
699635127 5700
29192240 6879
124108812 8656
259793018 7145
36706010 4516
515686914 7127
327036017 9542
391560972 3921
34517992 9349
259260560 6916
356962027 5759
171011030 224
560305821 272
85120421 9884
445932081 327
341759608 7415
16361362 6919
89481309 5968
121812468 8830
366798749 9371
106375417 8587
83768694 36
47281948 3565
62747909 3300
50578953 9033
23499966 9713
68693335 1209
29563241 1421
74413969 5107
3115266 7282
37306680 1324
29779480 9762
8095267 4440
45693302 4328
64686851 8415
80205243 4859
48159341 8925
54128945 972
11304852 9764
28275914 1816
26142016 6908
14613370 4698
34185411 8673
4043286 2509
11848622 5382
36866380 7088
32252664 9304
72396562 4158
32946553 283
18796827 444
10589416 9100
78477799 7384
47417394 4893
59357882 5960
1074167 4605
8777761 359
18383007 1247
47217268 207
564304733 100
288572084 7278
304399009 6604
537365035 6328
67562949 8245
5771112 7612
183047031 5230
277437268 576
259692129 1450
180692696 1444
114491435 9402
263912847 1223
323654622 8949
548748152 703
543472272 9596
434479878 7282
492324487 8508
329681767 2471
86555083 9021
32933558 6256
376284945 3870
240189575 7043
73998258 2713
217217172 4678
551166954 9436
101090597 5280
352083990 601
392245657 1565
272790171 2075
476915279 6460
351005768 1692
370773596 5330
448441129 8018
280582586 5486
283999672 5214
461668867 7442
295505713 6265
497855179 8494
6020538 4462
8087334 2744
504917273 4598
486094099 2676
176527330 5830
360562059 7216
502537940 607
523957951 9281
63354151 1075
440445491 1481
199718037 538
512622686 4567
535696141 7918
207123083 1880
86628182 4618
277749424 4397
186126446 1555
485663247 9677
196396353 9196
358429781 909
346900025 897
452841085 2514
158874504 9204
428819674 3271
184180950 7758
33498744 9556
107165583 7727
10403442 7493
330557517 99
12685133 4704
108625280 5765
338583648 7473
408682244 9386
289140072 7789
127676366 508
75022814 3755
260004335 7666
320876716 4824
46893418 8266
248141204 5873
326858936 261
543187283 2017
284394367 2048
383222818 8607
319966446 7572
211373469 821
496540069 1618
349502539 4046
331137452 8506
111011031 3934
212324511 8262
210309777 2712
279859418 6631
410667702 5231
212549570 6840
229221249 1345
131808596 9066
321480514 2716
159432554 7103
46232604 5854
369738318 5024
167063633 142
229095493 8839
200000 100
4101 9
6233 9
7541 2
4401 2
3016 6
2044 2
8377 8
4316 7
1158 2
4221 2
5755 4
3279 5
4414 9
3301 3
7465 10
6507 4
9229 6
5186 8
8561 9
843 8
8348 4
2061 3
6998 5
5781 3
1764 3
5956 9
9752 7
5480 4
6573 2
9877 5
9016 7
3218 8
3286 3
225 9
7983 10
2250 8
2349 4
8709 4
2987 9
6226 3
5271 3
9258 5
8076 4
8516 9
997 7
909 7
3969 7
9176 10
7750 2
8047 9
2488 6
2506 8
1891 8
8150 9
7153 4
6377 3
6877 6
6268 8
3490 6
9437 9
6495 7
171 8
2585 5
7232 5
6575 10
9563 4
9174 7
8776 8
73 4
9871 3
5328 7
8055 4
1543 4
8873 8
9559 3
9976 7
5018 8
2759 3
6835 9
6902 10
5000 6
8083 2
7699 6
6865 4
9183 2
8106 8
1066 5
7810 9
9741 3
6085 4
9977 1
7443 2
6107 8
7161 4
8902 7
4027 3
6840 8
6025 10
2047 3
8679 4
700156824 100
581846743 8634
199409994 9052
619225757 9787
474628707 6018
542105595 5034
61758865 9595
9513536 1331
573678242 822
607590160 3979
542254950 7015
619999998 8728
375920899 8290
243885918 9179
244753485 1937
112922074 5517
677131174 5077
651218894 5985
278102199 2138
153300876 8216
235357374 3141
131375156 2336
618194257 5515
64866544 9929
412740232 7986
477477778 3530
591109468 9407
218330439 9887
624066741 8264
94991264 7555
326145896 6598
194204080 388
194861916 7761
468582765 8731
547517577 2464
149313667 1196
434817826 7263
381095936 4553
609404141 7457
474299260 6924
98764778 6022
245038784 5099
159977755 2491
382034111 9194
374083040 8942
244950581 2890
306030092 4224
458330782 9259
544186037 6133
98937359 4909
510171899 7721
649737410 9778
37073926 5059
83118836 8592
449200725 2177
606847006 7537
224693965 2325
575351853 6300
134447344 7384
297260067 4132
638101275 474
551149391 5178
292402417 7129
539670197 8305
69499897 5216
52047594 2546
263731073 2304
42051741 5470
82112035 7711
191073437 9145
295077885 5159
69083643 540
228984424 5592
304578799 493
678508679 5673
66384948 3319
154611838 8393
593888234 7665
307719133 9023
196880647 1588
456025647 8366
581833462 1359
694209369 1451
156733312 231
55309339 8225
199680696 9270
64149175 8147
508439315 8560
602257832 8388
194336070 593
299582639 6149
676480710 5427
406375130 2753
1301295 9242
156450231 4007
24524196 665
246185338 488
260583215 6932
136337066 8528
66658507 7384
566284474 3095
1000000000 1
1 1
873745669 1
101003672 7233
570584267 100
546824498 1071
409687250 7708
426318142 343
506991858 7135
197892735 5535
549992151 9170
199498956 151
133476298 4708
180704477 7338
164153237 7059
315095032 4487
556356767 9652
41632127 4899
557651754 1193
286037314 1160
462231557 2201
291318708 6101
495419558 6794
26637146 7094
161265871 6391
92980684 763
554677959 1401
239925407 1340
14742851 411
183165321 8508
240214130 2122
444282842 1537
461830078 6456
226374051 8784
441245289 703
529988496 1335
436394682 255
143011132 5725
478129840 697
187238719 2581
560522274 3937
295626309 2681
30651983 8120
505019349 8154
411823267 1883
238450644 2513
333751296 8739
180978733 7935
92223878 8239
158098214 4366
491489508 5861
233186736 4386
147280386 1982
436409821 5272
210886049 2068
135573914 1053
557631209 3067
9268655 4538
258713255 4760
22738882 9583
130887609 2519
34900582 5942
500680396 7926
300105781 5057
268273724 8735
397670274 5539
269330385 3525
242663522 9687
13861011 3113
323955755 5367
214341823 9498
399190815 6486
103434626 2467
138553578 6555
426637518 1514
48880432 5961
464999418 4709
247828190 8388
75156062 7247
278669468 6474
18792 78
269578109 4402
262278999 2776
270946623 3143
107622732 5878
84512296 7987
512299207 9934
323241683 3341
14322326 8820
172739132 9109
507710333 7681
284937162 8784
47159245 9387
407521359 5085
265109424 2420
52853528 4068
279493696 224
9377808 9243
182097663 6941
260900148 2755
457272753 2466
403851499 4581
189764018 3369
26378592 8744
256667264 6013
116852799 2
110740626 4705
52112316 3665
2 1
1 10000
225733586 5
105146035 3604
209495555 5962
63317472 3465
80104035 2716
141898074 9970
2054843 62
835735 687
290200 4984
999306 3595
61602 728
1198795 6135
1119312 8378
451235 8126
1339652 1770
652916 4152
854899 9295
1301533 2182
1133692 5638
1806968 6787
471193 6884
1182785 9132
273811 225
191339 6865
15705 1001
1808715 7675
123666 9992
676632 1142
1808723 7494
1832414 6977
323696 8670
667774 1648
111923 448
23413 3385
1012638 1707
1757682 1030
1039233 7340
1087977 9626
1755624 7618
1598559 5222
520308 1537
1133519 3291
1206789 4417
518779 8325
364642 2539
1301794 9572
495962 6580
1211212 1954
1118296 9744
1519233 1616
1143775 7276
203554 128
1040237 236
560096 7550
1265611 1528
1440830 1144
1813382 1839
199137 7107
1275200 1828
1486925 6098
2041574 9343
1979958 8704
1105468 1957
1218709 3719
218068 3113
1516048 6620
337103 6388
862802 4230
1752074 7343
200000 100
6039 3
4986 10
8177 10
3224 4
2419 5
5521 3
5666 4
3359 3
3274 6
9341 7
4374 7
8032 3
8612 2
5665 5
1502 7
306 7
6206 9
7205 6
1653 4
6283 5
1261 3
3561 8
3521 7
3288 7
4295 9
5882 2
8559 2
8519 5
4187 7
4750 7
2058 2
7089 7
5000 7
3051 8
9232 2
3712 9
8740 10
117 5
6559 7
5060 3
7298 10
9954 5
2399 9
3106 10
6391 7
9185 2
5407 9
7376 2
3036 7
9519 8
8866 5
7110 7
9732 9
8132 5
1730 7
625 4
1682 6
5763 7
1737 5
3067 3
9731 2
7486 10
8624 10
7502 9
9807 8
300 6
6422 8
2924 10
7082 3
9128 8
7934 9
6931 6
5356 2
1217 6
6661 2
6315 6
2464 8
4995 4
7321 2
8884 9
2913 3
7988 5
7235 7
4366 9
5450 3
9156 2
6599 7
4516 6
4877 3
5825 3
9955 1
5833 8
1602 9
7970 3
960 9
2518 4
6829 3
4905 4
1924 7
6434 7
200000 100
4641 3
9235 8
5109 7
7584 8
9366 4
8144 4
6547 4
5000 4
5157 8
5427 6
5048 5
6500 5
2325 3
9984 4
4977 2
3999 9
6896 10
8764 4
4438 2
2015 6
8107 4
5879 2
8556 10
2729 10
8292 10
7491 2
8752 3
1790 10
7861 5
3862 8
4869 2
7316 4
8683 7
6882 5
1849 5
4195 6
7820 7
4498 7
327 4
2926 6
1864 7
3355 6
2204 8
2451 5
6121 6
3704 9
4310 2
6967 7
8265 8
1679 5
8519 5
4256 10
1415 9
5488 9
7527 3
4208 4
7671 3
905 10
7874 9
802 7
7209 10
1330 7
7054 5
563 7
1873 2
1255 5
6830 4
8374 10
757 8
5323 4
6557 10
5527 3
1285 9
9401 6
6785 7
3672 8
9847 8
5372 10
455 6
5486 3
3454 5
8921 9
8716 9
6291 10
3005 5
110 3
8679 5
5844 9
5599 5
269 9
5043 2
8098 5
3662 3
460 6
8803 6
9985 1
3475 9
4513 9
842 10
6536 4
200000 100
1253 5
7325 2
8945 5
2226 8
2486 8
9527 2
5453 4
2114 6
6617 7
4721 6
2099 9
7908 9
4163 6
9930 5
1901 7
8683 8
7400 9
7946 2
8717 3
1779 5
6928 6
9389 5
9573 3
430 10
4488 5
9745 6
5956 6
7002 6
847 5
3021 2
4548 7
9986 1
7201 10
9938 6
2901 9
4380 3
2249 7
8658 3
3918 3
5070 2
1117 3
3361 4
9042 6
6430 6
8381 3
242 9
3275 8
9985 4
1649 2
6806 5
4049 5
6223 2
6719 7
6455 4
7242 10
6044 3
2340 2
8152 4
797 4
9034 2
5447 6
8489 6
5082 8
3560 7
7777 9
8135 6
7480 5
170 6
5790 10
7840 3
1884 5
8905 2
9344 7
7442 8
9983 9
4374 7
7358 2
3267 10
410 7
9978 4
2783 7
4759 6
2566 10
7878 9
5123 2
9850 2
5409 10
7318 3
4325 7
4516 9
2594 4
3722 7
5000 5
9691 2
6642 9
1217 7
3777 7
1387 7
1150 6
4287 2
259132209 7
35564268 7402
141828636 2042
219136147 1705
108970982 1469
60332687 3348
69440859 3302
134786423 3424
756666225 70
99193708 9712
296780146 4493
734831656 3013
731947142 2519
597065467 9711
354645273 4554
616453104 4300
566585831 2836
385801034 1188
302405985 7949
569134842 7541
213754815 3958
665030402 9603
689822467 2741
201377449 5544
736456464 5703
738490722 748
354032474 6382
521219169 7199
444829563 9606
721302529 3630
485625746 1572
462117838 7155
405292319 9668
465562079 2275
89787044 8765
170211647 3626
580642094 5030
286651343 742
547237344 4322
523328606 9868
100758127 8252
359450081 4392
675539732 2928
647627973 5307
629617200 1564
704329419 4699
560580840 8389
425107001 7412
507914176 3409
499273688 2409
725682523 5704
532908598 3052
320377945 6272
88877846 7063
515154970 1526
581162829 5762
342946807 3094
609492327 8870
183825272 4478
438023591 2779
503096100 9711
204514772 2057
360994793 7382
399557697 1607
659353749 4163
577461218 5929
80273660 667
484475460 5935
509191628 7488
97418145 4455
136986512 8694
423634351 583
46147060 819
260956212 7390
161897326 3624
155620642 2456
146605835 3078
749306433 8630
96919527 2800
83578014 55
46521886 941
42713378 2933
38630010 3655
76215594 6554
72199877 8390
59249835 5706
2665127 8720
46716703 504
34171034 6206
58365680 94
57233525 945
28337720 7484
79505935 62
61617721 2837
48237618 6039
36526954 7077
35908431 2947
10328540 3972
42179382 1189
60973956 3394
29857296 6553
31804374 7722
26387448 7287
16149128 6323
82184190 8974
34122601 3848
67342375 1654
36938016 2971
46199083 8200
4890188 4214
16583228 5359
45291594 8126
65209847 6637
18426364 2908
49711427 6739
72360631 3349
48893104 7410
43645382 8375
26594948 517
6500124 5664
10217040 5780
25333532 252
40881951 9536
37946419 5332
70898504 9380
67804054 5724
34171732 9349
39668106 294
30026251 9332
53927948 5905
35434096 2321
41448726 592
24412673 2224
34456324 1876
11177491 1772
1000000000 100
968000000 1
951000000 1
977000000 1
980000000 1
906000000 1
921000000 1
978000000 1
943000000 1
996000000 1
903000000 1
972000000 1
976000000 1
975000000 1
973000000 1
982000000 1
995000000 1
929000000 1
981000000 1
926000000 1
938000000 1
971000000 1
928000000 1
990000000 1
915000000 1
933000000 1
923000000 1
997000000 1
912000000 1
946000000 1
941000000 1
934000000 1
925000000 1
944000000 1
922000000 1
920000000 1
908000000 1
983000000 1
916000000 1
905000000 1
914000000 1
962000000 1
960000000 1
942000000 1
965000000 1
948000000 1
904000000 1
901000000 1
991000000 1
927000000 1
940000000 1
902000000 1
955000000 1
989000000 1
911000000 1
924000000 1
969000000 1
947000000 1
953000000 1
918000000 1
958000000 1
907000000 1
936000000 1
956000000 1
966000000 1
979000000 1
992000000 1
963000000 1
932000000 1
954000000 1
984000000 1
967000000 1
961000000 1
998000000 1
952000000 1
987000000 1
964000000 1
994000000 1
986000000 1
900000000 1
970000000 1
959000000 1
917000000 1
957000000 1
910000000 1
949000000 1
913000000 1
974000000 1
909000000 1
937000000 1
939000000 1
931000000 1
930000000 1
988000000 1
950000000 1
993000000 1
945000000 1
935000000 1
999000000 1
985000000 1
919000000 1
470939459 1000
179921107 4637
90306239 2056
441727887 5738
141004614 7741
44185082 7170
469528458 7925
147323061 6438
321083583 3748
269801743 8934
143374249 7722
337095645 1635
62388562 3759
284230289 9875
283052281 3580
445070450 7942
273275947 7152
144356987 3409
212491319 2034
293706148 1421
418111440 8108
63877585 6829
324139723 7559
40980903 1974
173826764 7213
20253470 5896
49910163 5072
410744570 7953
265242047 2618
246715398 6056
83639658 2373
102552510 4747
44226353 7566
30537788 4552
109868667 7016
207407371 1343
330873043 7297
149999203 6960
294312177 5164
180284534 9180
336419314 2886
426710979 5926
193933220 2315
318808374 7757
130362371 2746
187812366 2605
306767130 1490
249586654 7265
204173828 521
243743965 2609
318625277 8408
392559129 2406
233550864 1267
369964167 7059
205860326 4683
259139377 5790
439428811 3659
462796094 9788
43585602 1158
461098784 2584
126080982 6699
352445705 3833
134104844 6441
370225421 577
319068897 6555
372077205 5762
149229207 9160
35035084 227
389536129 6274
238869189 6513
73830977 4610
106105576 3464
355609841 2988
131821004 9869
341031661 2953
351861082 4641
304953606 715
379869096 9062
19749698 5233
332411124 2419
147975118 7229
30339616 5974
183949039 9476
383570841 335
59944897 2553
234666370 4070
224051134 8943
298625296 524
412837091 8959
419810502 8870
403125260 8144
419678030 7809
267440962 2789
208240 5430
192647784 1385
357126089 3354
338489295 2860
248473662 8014
440765340 7352
14645317 8806
433236752 3979
461566658 8066
359802580 1466
363097034 5685
469100169 6400
290199261 1177
310744950 7227
96012138 5445
258731589 5591
8446746 5176
311366378 5085
137708833 6089
368991034 9895
275467637 5991
349743123 3290
107615428 7522
279535457 2839
41220797 6660
126374337 571
334532230 443
105159696 4482
241494180 3296
3653267 7435
115121723 3685
246779852 7222
180457968 7699
279571698 2319
35744260 4975
51631099 912
4261569 2370
447015932 1388
342245988 1566
458731494 8056
216115767 516
340414027 2111
441010533 8962
98421235 2665
28035474 7910
276668257 5482
70518433 1047
391886785 6028
130876477 3214
376795483 8019
133871561 5211
92780672 7040
430776093 3043
85749487 6314
233987402 7874
215668504 8443
98076614 877
181906694 673
170573114 1458
217127472 7000
86349783 2933
271926319 7465
154060776 7024
118005436 9849
215225008 5218
374213626 4270
175331132 8150
11357903 2534
223316422 66
284176650 1001
65447874 8816
399322541 8605
186914273 1308
209926107 7718
187110267 6998
14803235 3979
88884732 4426
176068180 8699
313042266 5588
98790637 4164
347906619 1668
245335688 6606
1853206 1851
401091542 4133
435536507 1463
191170771 6829
445394010 1738
336601405 840
332286273 6030
103601071 4294
383864955 2902
284355652 2107
364269244 6091
365783267 9818
422060145 9909
340549347 4006
439539582 3623
167181222 9869
299135713 7089
137677181 4594
418307128 7266
168008379 3697
308929193 6583
119574207 79
305893710 2919
415476692 1895
324006553 5275
321719478 2876
336636436 9602
421812526 4809
279365950 2128
263605716 2621
184773119 4394
320985847 637
169829810 6390
182319003 7831
116322847 9124
360574796 655
104364195 4958
286979696 4148
118327979 6629
424435767 935
447198126 2613
67093778 9991
43317585 2390
270543000 2360
114021368 4067
452252547 4571
156380914 8260
352975502 3610
153330431 9491
15773355 997
367400670 6556
181416006 2069
45990215 2607
450389290 6764
211916120 1879
1398612 2600
90890555 7296
3491220 8895
113489337 1553
118308130 9262
391871757 1647
80669060 6190
127813916 7698
133147049 6215
426764338 5450
289567791 2470
194047617 6039
170865614 5764
45008219 8982
76233653 3507
210181014 7227
59010527 6717
256722549 6645
132849029 3991
194024648 3511
306576325 4840
220429337 1116
209482613 587
211470302 463
84306045 6344
174177913 6810
53561563 7440
189034628 6466
145874611 4702
404595812 3837
93316808 7794
346369999 7568
379874420 9144
31131276 6702
32118527 5800
170962085 6728
256309490 6355
447437841 3852
467597741 2837
387429252 6668
27685944 6822
190096704 7972
431212075 2972
355411072 3859
225315601 89
407241437 9850
323516463 6399
293000784 2961
152824854 9590
424789226 5472
333837711 8566
264234122 2343
120269263 8257
276709088 2190
318059186 7296
20848043 4466
399056426 6912
418595191 1792
13028444 2611
115999482 7308
201735378 1492
68216564 1044
43848846 7102
410352309 4891
376461323 6533
79485223 7914
77077358 8100
144484936 3601
255878974 9506
129459855 8647
417950015 2977
89856510 9720
290163731 9445
375265921 6226
468801976 5169
323811001 1462
333009347 4903
44714569 5661
276481029 3560
412657285 9897
98703934 9222
352014077 2463
444261474 6987
277990425 9386
5899409 3519
426976069 1211
310655521 9313
447777101 8071
291418934 1551
45676577 1100
42338056 1626
147215367 1284
460284809 7578
55511999 547
321665147 6040
359437392 7064
397677564 1806
85417282 9034
233697389 2922
111812544 3740
442064972 4877
452104775 1866
239791311 5151
90823777 2730
447995856 5856
469905635 6745
156658932 3547
179962145 1152
199141846 4544
16150483 3193
31947332 2477
371454553 3550
250856725 1388
427234040 1645
45884850 7688
327747035 8459
153654464 8345
118605598 9236
314419140 8244
38894242 1349
56462782 6607
304863299 4935
306633413 9302
140612567 6180
414086218 4516
39826555 1543
51890941 8507
342989027 2989
371048941 8716
139041828 4307
88470820 8382
324526665 8619
433860836 1453
68023638 5440
424547946 7674
388886143 661
147191184 6086
360659300 3324
104764939 5089
152596072 3819
469684689 7095
34293948 2553
147853037 4121
174436897 7400
266943302 171
204662772 8011
55131768 9154
249386924 3148
172676783 7738
241309307 1142
128537477 3316
243362543 8282
384003132 5415
281074461 5397
21488684 8392
193970653 1359
231719728 9533
230011175 2026
176069757 1088
237315148 2309
204188879 7770
409891315 14
68126943 7678
376815627 3652
274405001 697
277839217 5117
415009431 5111
178073397 6985
286195616 1512
435133275 9873
466654411 6632
225179645 9753
142416521 5444
323013816 7911
131169374 4835
265830808 6694
409129753 7401
43112763 6181
215860903 5660
222328349 6393
144729579 9695
428284270 2228
307276470 3845
396946095 2782
334843315 4284
229912147 3159
26483233 4340
238175137 5106
224548240 9624
216156194 1881
289363582 5858
57430539 5121
410883502 8863
425923305 7359
333944715 2817
408275207 7904
51800557 3805
446866104 4560
177319333 9302
391357418 8124
419395066 1843
326399518 6994
295956314 4237
7769679 3124
278458402 2418
5204167 8889
139103069 4054
173664874 914
433034887 9475
209518566 9786
47327491 1794
278753629 6211
283655809 773
300216880 3178
318017180 5319
443164076 5342
87319396 8757
341999015 9812
17387637 7506
188280946 3165
248018794 728
414944098 8969
455925451 2020
214203924 3039
464123298 7907
67410513 688
325138297 1937
38426211 7418
357696626 2601
383300557 2888
361907659 3554
164880074 4529
325191499 5570
347063337 806
270315737 7535
14130473 528
103070142 4058
160207859 1904
16988260 3103
118411173 7855
225473585 8191
123238908 9370
195394905 3427
248225127 314
341726408 928
435672764 3370
280918890 7672
79456884 1391
277520694 5330
103294508 1545
420401292 8886
407892046 5856
429772680 7485
440048639 4757
177393245 8902
20412037 7986
44920868 4547
460742122 8728
198627507 7211
380325562 6489
134138169 9106
258225322 5121
31446137 6523
199024973 6404
73153605 4936
163215379 1866
116590227 3698
369875943 6623
368540870 2079
175256974 3247
54350346 7722
222187214 909
48170933 3483
182714132 941
466662543 7234
71853809 7008
209717275 1082
363261209 84
316206364 9515
433251277 7406
217999869 7326
364769893 4102
57096903 9465
280881786 2111
417618461 8561
261185487 8699
32910791 4585
235424969 4550
102494222 1781
135213011 2476
9437486 1259
216842664 6895
103449722 1552
216967807 1095
5336002 1296
92924971 5008
257915817 9437
365564589 3727
218945832 8443
132287462 39
86778015 9669
138590939 2045
165023129 9566
261893488 2450
353331397 1670
51226679 5332
398787281 7381
420764224 5082
433065923 7035
419244123 8095
199905047 5731
13122016 9188
210027929 1995
231422442 6114
305153039 7022
287694024 1433
140603042 4649
54132321 5725
220522338 7214
419071234 7111
199267534 390
155253652 8703
79665509 7312
198531931 8716
342419363 3490
396838870 2514
459188380 9514
414922034 8301
268457050 284
403203653 7456
220991609 9016
289379599 3250
394762398 7830
129292087 6049
188635163 2935
275404148 4228
163226308 8092
87067234 5983
442711213 6179
154370297 5960
450270752 6235
435984533 4285
397403995 2913
173896783 3531
425092531 2365
30725947 6674
37522044 504
195685872 6765
213549452 9075
186146862 4937
229532771 968
231979062 2431
443831114 7475
82951959 9388
60561531 3013
117114854 8378
283835230 6200
131118102 8726
145927968 6113
352004248 8171
462065322 5978
17271033 303
18489368 8280
327209677 8196
320113306 1437
430471127 9753
214727051 8534
134287397 9185
212018169 8454
306095228 6165
212043454 2994
296661216 7767
361437376 1527
316063214 2739
254136359 3908
340752515 9176
111274322 5010
45652546 2748
110743377 2368
414542962 6011
457348739 3428
411183229 4768
239138499 3133
247056727 6268
14659553 617
80920944 706
4523677 2081
277040040 6882
330263717 1748
364585542 5355
89111202 5405
406342089 3642
157325308 6897
351689590 1730
464252082 1466
210698717 6192
331387486 2565
264827442 4472
2410164 397
250695759 1592
207663282 213
381133739 3193
182539813 2719
420269838 638
51085457 82
126694936 6848
240928191 569
310569615 8132
148705550 8458
212284986 2055
213348597 2323
126881419 3566
109528845 4856
158021800 8000
285546635 8973
404336267 2606
189094640 2744
49299772 7129
106830771 2684
368732591 1044
363498521 312
411701136 9472
206781477 9164
239655050 4733
244676153 3856
288157501 6752
174488239 443
254136102 9824
316969249 9773
309784009 8656
155591875 6568
57494046 7553
301269296 9840
42991631 3173
208722433 631
370535196 2150
248455636 2228
156789013 4761
56549633 2672
145356290 585
398203065 3361
8328921 1331
199759875 8254
434053568 5813
293009251 7371
78652260 5985
31117959 3834
428375984 2421
322927533 9649
27822219 3009
192554979 2136
304241830 4443
337114106 4066
30527906 4297
231365912 9376
292829577 373
76785745 2664
119522592 969
180081333 9123
83922361 5182
146491101 8811
352533986 3941
359399091 7833
193748242 6607
385350424 8952
121886517 5590
56930055 8149
228932086 3325
186993192 8550
295355154 1957
431804292 3442
279715591 9817
249527243 7681
143934787 8013
25395709 6746
227861516 1568
380220560 6308
338107202 6088
450288634 2383
212525898 8462
386263083 5008
395914580 4260
328215603 2425
413966511 5435
420061874 7181
33713410 5816
326622276 5643
241091299 6060
212923788 1316
290754139 7621
297969009 5117
352436286 9809
103322539 5700
362969671 8329
296406805 6363
234551929 3612
334519177 9103
431037428 3792
459900442 1205
223918130 6802
426270365 6074
245732404 3622
12432037 1796
422260589 7823
52051407 9814
342878295 6308
71081583 6677
220268254 8386
357043632 2743
144085311 8129
280877005 7779
150532562 6302
70447787 3420
355651649 1288
151442020 787
326902304 3546
375734734 2824
406048008 3455
455338088 7257
173226987 7716
178779952 6209
312735739 267
160847031 8255
254425270 4763
238292906 4305
111334901 901
352127729 6269
302753257 7147
145694436 3017
111706071 5036
199927747 1999
420021494 2751
64090176 8372
91907881 1900
399641251 4311
379205463 4628
300194601 6952
206843747 6429
21560972 8271
181393576 1229
339328880 5969
386662166 5903
139129953 122
96082175 4625
128441438 5332
273343217 8898
216770364 229
61828506 5590
335663798 2124
343333776 9199
290468501 2535
273585551 4953
365919298 927
144469069 8702
350659582 6771
385101562 8241
240637798 8965
8819279 7504
85257176 5201
257357852 880
202031010 3881
304179143 7831
137649050 8928
294915878 7396
359183218 3228
374303641 6260
336996974 8978
308189814 9603
32317655 9159
217426549 2747
160424177 5982
282597753 4697
388632357 5260
417863974 8010
36941401 1698
428382684 6162
384332036 2245
363650780 2284
464199873 6768
356851969 1835
244726470 5300
162347082 6714
91073908 8418
375587261 8126
397740562 9664
78281084 8567
354959789 7651
207561929 4547
309986187 1511
100640843 4344
322290986 979
428722562 639
138535353 8125
145547380 6962
33623320 9211
144355125 9142
9773393 55
111243886 4791
288573044 8316
417608855 4226
251225966 1781
130659533 5082
358226515 1802
463304576 6921
444357820 9043
231260625 8402
419184857 1992
387463122 4921
4857175 1613
42582042 7310
256938899 7513
302114504 3334
366505027 2062
435321740 4457
284923199 2078
458378990 9365
46914699 2726
192501753 5082
313072837 5769
254412618 3890
281604015 7362
158065157 8263
316653926 5672
347861231 2672
306459746 139
362828246 2675
97864467 9432
152014150 9414
324787200 6976
423725206 4070
151139944 5140
217163152 7287
57566823 19
299628011 67
323696262 2664
237241720 6937
330260724 1008
452937241 5023
309565776 4567
395533972 2262
142650263 8360
292423322 2433
229069259 5632
296491824 7547
139717634 2200
197740404 6065
15657304 306
306061997 4468
240322329 1845
388125442 8009
180277866 3747
154651670 7728
327393111 9586
173488277 7957
6640646 2358
347949413 2998
254951526 416
157403942 8571
155219586 7255
321067437 4341
201636139 5065
214955348 720
38597523 9523
67992028 4275
306354710 4655
47972511 8998
329926891 1142
394122352 6069
455843123 7844
205642693 5528
110201062 9453
212654464 5465
158752045 1411
123138556 3345
325062627 4131
321009208 5514
254867954 2037
260871241 5129
295639795 5069
154146793 6895
104461722 451
189619102 1965
382670400 3225
339428465 3736
107310149 5850
111184113 8568
377146779 2364
56931602 7469
127423019 6990
319316229 8437
430756013 766
128131352 2148
218945581 7838
461524182 4087
266857786 8975
421622945 1728
352991793 1244
259308884 8264
59936916 658
91528549 4369
422046610 6618
77383792 9989
19261502 4483
176079860 420
179885760 2344
201560974 8152
73566132 8247
418226343 9009
348444107 9344
252176264 708
162028590 389
145777266 746
26586259 6054
3616272 8896
128329780 3479
203818362 205
315435556 7915
20516622 646
410731622 7883
48782758 1943
299111510 2349
158101930 6644
203963498 2426
300601859 9390
98492921 2428
103710373 5313
175516812 6755
330629979 2436
403106914 214
291204290 448
296651926 869
148289911 7361
369885875 490
235732620 7883
251428308 6694
90757509 4156
454271723 7408
67515862 7108
382648681 7936
57004682 4731
194887548 3906
87470941 3531
399360167 3108
339938556 3286
9081372 1138
189664490 8967
457148795 1210
30676397 7556
412529497 9380
445056174 192
39766683 2258
145627663 1421
64040809 434
81073057 8380
69143181 2244
436101262 3804
261730257 3528
225433318 2210
432511714 1214
340202910 5991
99834414 9337
277808760 8838
35362013 5045
18989799 5477
217999871 1799
137029812 395
258493958 4996
100080307 1767
173510451 58
299504206 145
186031086 3055
607075714 27
109800743 3119
197410895 467
605557383 9739
390584001 9719
492881693 3603
338296802 9520
477428693 5147
14735392 986
296688065 7756
385046016 1504
277904502 8095
101560371 2471
289560739 4742
113826580 1437
587098278 8050
229986660 6258
310587324 7779
397901915 7123
48763099 9018
191596045 7000
337033099 3765
412450244 9828
261343436 7366
606991192 3834
373275927 6408
500552638 2044
283075992 67
753563903 8
466189531 7357
386513317 5562
250204074 9040
534359987 3341
429998116 7950
741537511 3904
173386772 9767
697515451 4691
200000 1000
1695 4
9376 4
326 6
2139 10
9951 6
6599 9
8749 4
2778 3
7307 4
1569 10
5869 10
75 6
6588 6
2526 6
2525 9
9781 2
9683 10
4322 3
7460 2
2558 6
452 3
4408 10
7190 10
3376 5
756 3
93 9
651 2
2552 7
7759 7
2755 10
2005 9
7901 10
3442 8
4858 2
9462 6
2340 10
4452 3
4666 6
5445 2
5901 6
4412 2
4231 9
7511 3
8636 6
8306 7
7891 4
1764 5
7320 7
4827 3
8841 2
5958 9
6293 6
6771 10
3038 8
8638 4
2131 9
9381 2
2767 4
713 4
9572 6
1414 4
3278 3
7821 2
2355 8
5801 9
5993 2
7448 6
1913 9
1330 8
2163 4
3240 9
9593 3
3227 8
7426 5
768 4
1862 9
3965 6
7824 5
442 8
7087 10
658 6
3570 8
7615 10
6487 4
3412 6
204 6
2134 8
6461 9
3748 3
2070 4
6280 5
9915 9
437 2
715 7
8933 9
9421 9
6864 7
2921 3
2167 6
3270 3
6443 2
8874 9
2795 4
3286 5
6562 9
4479 7
3447 9
3435 5
8117 8
8819 8
1267 3
4290 4
4306 8
9064 7
265 6
6033 2
9477 7
7918 6
7410 4
2794 4
9776 7
2145 4
590 2
5931 9
1347 5
6826 7
1792 3
7588 3
374 9
7241 6
4747 7
4283 3
6823 5
4355 7
5421 6
3902 6
8677 6
58 7
309 5
9301 4
2164 2
5091 3
9230 9
257 6
7662 5
2102 8
6226 5
3073 2
3863 4
1033 3
4437 8
2901 2
3385 4
7718 7
1730 9
3633 5
547 8
2890 6
4267 8
6248 3
5154 2
8617 4
5913 2
2366 6
8521 10
5579 7
4022 2
3969 5
2750 7
5766 6
458 2
4252 6
9511 3
3362 6
7113 8
5123 9
7982 6
2249 8
1985 10
2392 3
1831 7
992 10
3642 4
4790 8
5043 5
5550 5
7316 3
7234 9
3365 5
2892 3
1744 4
8550 9
6194 9
8102 4
7679 8
8820 4
4868 6
5427 7
2484 5
2839 8
6296 8
7056 8
354 9
398 4
3874 9
6549 4
6160 10
7440 10
8542 3
9602 7
5861 7
3182 2
2369 5
1046 9
6446 10
7889 9
4979 9
6206 8
9643 7
9072 3
1773 7
5757 2
1593 7
927 4
7636 9
8169 4
921 5
6834 7
4302 7
3206 9
5057 6
8410 9
9675 4
6547 10
2709 9
3935 7
2946 6
993 8
776 4
650 3
3833 9
5526 9
1253 9
7020 10
3023 5
8037 8
8886 5
7208 9
3045 8
7430 2
788 9
849 5
746 6
3672 9
9287 7
2232 5
4212 6
9091 9
9609 9
5769 10
8911 9
626 7
142 6
7787 8
4949 4
7093 6
7764 5
4519 10
8885 8
7178 5
3492 2
4876 4
4515 9
5639 7
2453 3
3908 7
66 4
9950 2
7172 5
798 10
8837 6
6103 8
2231 10
3262 8
4491 5
4793 7
6639 9
6560 9
4800 6
6069 2
954 2
1892 8
3157 8
6449 2
8803 10
4103 3
3581 9
6585 8
8100 10
1554 3
8343 4
1115 5
7912 4
9242 3
4155 10
7544 4
6408 10
6475 4
4034 3
604 5
3468 10
4199 7
7274 7
1107 2
2634 4
112 3
5620 3
1957 4
7842 3
4984 7
3423 2
3076 2
777 5
5709 4
5266 10
7518 8
689 6
8172 3
200 9
9383 5
8616 5
9544 5
9999 6
594 8
4288 7
9075 5
5805 5
5833 4
4442 10
9740 7
4521 8
1112 3
1978 6
2769 4
7062 3
147 8
5661 7
5116 6
7523 7
7708 10
1062 3
677 8
5272 2
4082 9
1510 2
7659 6
7650 7
9103 7
5520 2
5702 4
2804 9
1788 9
6917 8
4406 8
6517 8
2437 10
6484 10
8255 2
9007 6
4943 9
5075 3
2255 3
8915 8
1793 4
3927 5
3328 9
9391 5
6347 3
3047 6
9542 10
4308 2
8496 2
1535 5
2720 5
8466 4
4356 7
9666 10
7151 3
5304 8
4494 3
3455 9
4650 6
124 4
6762 10
9652 7
9969 3
3448 7
7483 7
5968 9
6781 7
4600 4
794 9
4230 6
4721 3
9582 4
8171 5
615 3
367 7
6261 6
9018 5
8870 9
8098 9
3951 7
2293 9
5054 2
1832 10
7913 4
8912 6
464 3
2034 2
8787 7
5048 7
90 7
5606 5
6322 7
4086 10
1594 4
5295 9
9169 9
6977 10
3166 3
9543 9
9082 7
3619 10
9354 2
5226 2
7861 6
3814 5
3264 3
5145 2
6212 9
4180 3
8855 8
4716 5
2690 9
1172 7
1776 4
9730 6
1048 4
6130 3
733 7
8450 2
4068 6
6116 7
2078 7
5771 3
7631 9
3540 3
8277 8
8376 9
3501 6
2756 9
8153 7
4760 7
4534 7
5778 6
7674 3
6238 9
4903 2
6813 7
2275 2
1658 2
1817 9
9467 3
1499 8
3263 9
8068 9
4810 5
2608 8
4588 9
4151 2
7350 8
9710 10
4828 10
8244 4
8055 4
3095 6
3562 2
7083 4
2511 3
2109 9
3337 7
9965 6
7557 8
3853 3
6334 10
7869 9
7294 2
4211 7
9357 7
4345 6
3955 4
2884 10
7380 3
538 5
4691 7
5387 4
116 4
2557 8
2349 6
3050 2
401 6
8705 4
227 7
9441 3
1166 6
6544 3
4780 2
708 5
6080 9
8794 4
6434 6
1358 8
3039 8
2427 3
780 6
7256 5
4218 9
6894 8
5631 9
424 2
858 10
290 2
2206 10
3680 8
36 10
5352 4
9867 2
4071 6
9930 6
1616 10
4619 4
4733 5
2053 4
3193 8
8704 6
2547 2
2895 3
3830 6
8588 3
508 5
7079 3
7116 8
2758 7
5071 5
9186 5
1211 9
4204 8
898 7
6564 7
7830 6
5078 3
9151 8
3881 6
8395 5
6847 3
830 9
2799 10
7524 7
6769 2
1852 9
3375 2
3160 7
6257 6
2137 8
667 6
6287 9
6181 6
5140 7
9032 7
3480 6
2871 3
5811 4
9096 3
7002 8
5796 2
1644 4
3392 2
4819 5
8974 9
9418 8
9792 8
8719 8
1950 6
8585 4
5699 9
1306 10
5745 6
4 7
6385 2
6301 4
3823 9
7021 10
5110 7
7504 10
3474 9
8731 2
1219 8
3770 9
2974 7
1603 8
873 4
827 6
5888 7
7526 10
9160 6
4368 8
4851 10
7319 4
2306 3
7862 5
3575 3
7284 10
1605 3
6688 6
1090 10
681 3
9085 9
1571 9
7344 8
4282 9
7003 5
4812 8
7457 2
7587 5
705 2
6661 3
1195 10
2435 4
2243 2
7197 8
2273 8
6272 4
6715 9
17 8
8696 10
9488 9
7665 8
5366 3
9767 5
7490 6
7215 5
2972 3
7879 8
2475 3
5874 5
5311 8
1778 5
108 4
9762 10
9271 8
3439 2
6991 4
2963 6
1806 8
1973 8
2768 5
176 9
7124 6
5408 4
6912 6
9538 8
1820 2
949 5
5047 6
5610 6
2699 5
5381 3
9207 7
6353 8
9218 7
8286 6
9109 4
7709 3
2822 3
1515 7
78 10
6305 6
5818 4
4297 8
8275 3
1434 2
5489 2
8584 6
1316 3
7580 6
5166 2
6783 10
8817 10
1472 6
6815 10
3522 8
2165 7
8843 2
6085 7
8913 6
3616 9
375 3
5884 3
4261 3
6642 4
248 6
9896 7
9562 8
8721 6
1498 3
785 7
5426 6
7047 8
5978 2
3011 3
2587 3
8652 2
6283 2
7925 3
9317 9
5000 10
5307 10
2754 6
624 9
7183 2
2186 10
5064 5
3918 5
1610 6
8082 10
3789 7
3663 5
6504 2
337 3
1053 6
439 3
1707 2
5990 5
8958 5
8567 2
5130 7
8280 4
6807 4
6030 8
8079 6
8309 7
370 7
7170 9
6120 4
5346 10
2491 5
5338 8
9189 9
8151 4
962 10
770 4
4702 3
7873 10
3433 6
2251 5
1319 5
7747 2
1463 3
6609 6
6452 2
4293 6
5213 7
4135 4
5733 7
380 5
9865 6
5614 7
6193 3
5377 3
1027 9
6776 6
5120 9
7870 6
2814 9
1609 8
4839 10
2829 3
9215 6
7661 5
2361 4
5081 6
6480 9
4039 9
4167 7
479 10
637 9
1292 10
4411 4
5318 10
2982 10
1442 2
2384 7
7614 7
2588 8
62 2
9628 6
1600 5
8997 10
6264 9
3462 10
6307 10
8245 10
192 8
731 3
5289 4
2549 7
8575 5
27 2
5937 5
6605 7
7698 2
5293 10
7736 7
3975 3
8539 7
7619 3
109 4
5743 9
8166 9
2785 2
6782 7
3000 10
5471 8
6903 6
1713 10
2263 4
4687 5
3769 9
3053 6
7917 2
4298 8
8910 9
4983 5
1220 3
6543 4
5543 6
308 4
7972 8
4088 8
4681 5
7854 6
2677 6
7857 2
4000 8
5802 3
8983 4
2391 5
1020 10
4044 2
3728 6
4444 6
3295 8
2998 8
8925 9
5375 3
9527 9
8217 7
1355 8
5487 9
8247 3
1620 7
5589 2
2189 8
4770 7
10000 1
4172 2
7788 10
4512 5
6889 8
403 2
3641 5
1928 9
5453 3
9852 10
8340 6
7369 5
4289 5
4626 4
2842 4
4173 10
9388 6
225 5
8494 7
8994 9
8379 10
555 6
5707 8
30 6
1371 6
3420 10
7663 9
6137 4
4366 8
7809 6
5314 6
3140 4
5777 8
8512 7
688 6
9976 9
1042 9
1022 6
769 4
907 8
1934 6
8486 5
303 5
851 3
5396 2
4841 5
8422 9
9484 3
4885 4
9065 10
5360 3
6895 8
2474 10
4224 6
1954 9
6882 8
3008 3
111 8
5390 8
1888 10
1199 9
587 8
9481 5
5956 2
5867 7
1393 8
3550 2
8264 2
6919 3
8634 4
6546 5
5278 5
7224 4
5159 4
1916 4
9004 9
7914 8
2626 6
9923 7
1823 3
5463 5
8826 2
7392 2
9125 8
3111 4
7065 9
1129 10
9432 3
2593 10
6999 2
7383 9
4656 10
9003 10
8935 6
8425 2
2792 5
3100 6
1947 9
1043 7
9846 4
6888 6
1933 6
4642 6
372 2
6083 5
9823 10
9528 10
5393 2
1023 7
6075 6
9696 2
817 3
3580 8
6799 4
4213 7
7930 2
1940 9
2378 9
4535 3
663 4
8513 10
5742 2
8786 5
6210 5
7123 3
584028706 7
13931682 8687
576540706 5895
3565901 7945
55520285 5002
487001412 7455
465963227 2125
69088799 1621
714813115 33
662047256 8727
648158372 6592
734616 2987
577207492 2899
574392406 2378
13132807 4705
100780760 5809
60500186 1921
611804187 7096
687056559 5699
587254409 3879
451994431 8139
628903767 5231
110948371 4230
234548731 6653
149124325 9355
153281317 1743
264494128 3203
293322666 2407
445878392 1327
223317718 878
84161566 3369
664145467 7198
317332851 5657
18487744 5743
183473603 7806
499616539 4203
390651702 7123
136521541 2354
427759621 6346
557091432 91
536214380 7172
357855582 2685
1000000000 100
999999977 24
999999993 8
999999944 57
999999957 44
999999979 22
999999915 86
999999936 65
999999960 41
999999945 56
999999930 71
999999974 27
999999941 60
999999994 7
999999953 48
999999918 83
999999958 43
999999990 11
999999982 19
999999911 90
999999917 84
999999905 96
999999929 72
999999952 49
999999951 50
999999933 68
999999916 85
999999956 45
999999947 54
999999903 98
999999920 81
999999967 34
999999906 95
999999913 88
999999964 37
999999948 53
999999981 20
999999908 93
999999984 17
999999939 62
999999940 61
999999997 4
999999926 75
999999961 40
999999949 52
999999980 21
999999919 82
999999998 3
999999912 89
999999959 42
999999999 2
999999938 63
999999942 59
999999992 9
999999937 64
999999983 18
999999943 58
999999978 23
999999970 31
999999932 69
999999972 29
999999907 94
999999931 70
999999968 33
999999927 74
999999914 87
999999934 67
999999988 13
999999902 99
999999991 10
999999946 55
999999969 32
999999985 16
999999901 100
999999971 30
999999996 5
999999909 92
999999935 66
999999987 14
999999965 36
999999995 6
999999986 15
999999976 25
999999962 39
999999963 38
999999904 97
999999989 12
999999910 91
999999966 35
999999954 47
999999973 28
999999924 77
999999900 101
999999928 73
999999950 51
999999925 76
999999923 78
999999921 80
999999975 26
999999922 79
999999955 46
438894042 4
381749477 8193
416885803 3767
96605471 9382
249456357 3966
200000 100
5937 6
1385 3
1003 8
4317 2
9279 9
9117 6
8544 7
297 2
3012 10
2380 2
7653 7
5441 10
5012 7
4623 4
7874 4
5617 5
2223 7
1600 10
3378 2
4227 3
2789 6
8129 7
6769 4
2419 2
2275 10
6700 5
7993 6
286 10
1346 7
9733 3
6173 5
8216 6
2731 9
9787 2
4086 7
115 6
1628 8
1825 4
483 4
2657 5
7308 10
6254 9
5000 8
7482 10
3626 8
421 8
1783 7
6165 7
4365 3
2096 10
8749 6
140 8
8370 7
7164 10
6480 8
2172 4
8561 8
3892 5
1756 10
6571 7
5392 7
9512 3
3961 2
2239 8
5064 9
3206 4
2984 6
8145 6
2893 5
3977 6
8284 3
3301 2
5193 3
9312 7
5431 3
2451 2
6083 3
9318 6
4347 2
3130 3
6972 8
9916 6
9272 7
2063 2
5037 10
3225 9
6108 7
5229 4
7490 7
3052 7
1080 10
4430 8
9344 2
5914 7
9917 1
394 10
4643 10
5150 6
6749 7
5297 3
737618014 3
571561052 832
68110740 1499
428869195 2162
15119801 23
9453219 6415
13548622 4775
7089967 8951
14526416 7829
12526917 4319
7334759 8602
11281150 5167
4933319 3090
9590965 7564
10951051 6164
5801975 5141
7393713 4316
2058349 4610
8173781 5530
4129663 4192
1360703 932
11506066 9373
2783194 8641
8688423 1897
9518854 4305
571001 538
7489036 3536
3692252 2582
1000000000 100
12345611 67
12345651 27
12345579 99
12345644 34
12345632 46
12345613 65
12345646 32
12345637 41
12345618 60
12345621 57
12345656 22
12345592 86
12345594 84
12345663 15
12345640 38
12345668 10
12345664 14
12345671 7
12345665 13
12345626 52
12345610 68
12345584 94
12345583 95
12345581 97
12345590 88
12345639 39
12345641 37
12345603 75
12345631 47
12345666 12
12345657 21
12345660 18
12345614 64
12345597 81
12345645 33
12345617 61
12345599 79
12345672 6
12345638 40
12345577 101
12345659 19
12345578 100
12345676 2
12345616 62
12345634 44
12345593 85
12345670 8
12345623 55
12345649 29
12345653 25
12345605 73
12345607 71
12345585 93
12345647 31
12345608 70
12345598 80
12345675 3
12345636 42
12345602 76
12345658 20
12345654 24
12345620 58
12345589 89
12345609 69
12345612 66
12345596 82
12345667 11
12345648 30
12345630 48
12345595 83
12345582 96
12345606 72
12345674 4
12345669 9
12345601 77
12345643 35
12345600 78
12345642 36
12345635 43
12345624 54
12345625 53
12345604 74
12345619 59
12345629 49
12345633 45
12345655 23
12345615 63
12345673 5
12345622 56
12345580 98
12345650 28
12345587 91
12345586 92
12345628 50
12345652 26
12345661 17
12345591 87
12345662 16
12345627 51
12345588 90
524019762 17
517829348 950
507381585 3308
450510499 2771
311374112 7617
481917912 1016
249273219 4615
29241306 2351
77566302 8641
403938284 2246
137297604 302
415704477 1225
375721570 2368
191137146 4804
404206280 4189
508526088 7871
122831004 2485
150299535 1627
494348106 5
475814852 7149
378908683 9702
43894188 2401
341023987 2492
253588634 2371
141384339 45
40287875 2277
2742049 3007
21933349 7782
9392164 7971
98265771 1325
49367918 6357
91875246 1357
44491851 1538
47009535 2148
53903697 5290
40019781 9438
86030353 3443
103851563 5201
30240710 1382
120913539 4275
117992099 2441
123968605 7761
20619993 4129
132627687 3915
120533210 6
83858402 7226
27017603 8557
141272892 4665
80522325 3708
69746168 5553
83751416 8276
84570834 7191
21929038 8658
129491214 5043
47906934 9140
71936898 7841
100912624 379
79337301 8154
26542058 2008
86756314 8903
26786456 2069
27147916 445
56003535 5635
42600405 3036
45402724 5753
112023423 8427
141242460 276
29759061 3544
131624807 1803
108953670 4919
688954442 5
438050158 6647
353936170 854
334661006 5097
133070726 809
1089523 9478
1000000000 100
63 39
99 3
6 96
1 101
28 74
77 25
24 78
96 6
80 22
5 97
36 66
43 59
7 95
38 64
10 92
91 11
85 17
40 62
67 35
20 82
16 86
14 88
53 49
62 40
15 87
74 28
90 12
18 84
92 10
9 93
47 55
46 56
8 94
23 79
52 50
26 76
42 60
83 19
94 8
78 24
61 41
81 21
25 77
86 16
31 71
30 72
54 48
70 32
79 23
55 47
34 68
56 46
45 57
44 58
17 85
11 91
69 33
2 100
84 18
37 65
29 73
57 45
27 75
4 98
89 13
39 63
73 29
13 89
51 51
33 69
60 42
72 30
21 81
66 36
71 31
97 5
48 54
88 14
22 80
64 38
3 99
75 27
58 44
98 4
19 83
100 2
65 37
95 7
76 26
68 34
93 9
32 70
87 15
41 61
50 52
82 20
59 43
49 53
35 67
12 90
83791916 14
2278760 2652
18856952 1615
12968136 9363
43219436 3356
2431953 9028
76959865 2650
55140836 5303
14758504 4139
19805395 8238
39775504 1143
33379904 1585
24993745 7560
35678839 3487
2636843 2032
344057911 1
260981960 8173
206043481 16
188441516 6023
19646720 9503
185871885 7592
141338333 336
102163526 8145
142715645 7414
196630647 9827
89104727 1052
16124511 72
32359451 4858
20729151 1422
13152406 1884
63786693 6992
25560756 1369
133336483 9791
73481157 2538
25822021 17
17829426 7579
18280479 1460
15917338 5227
4699171 2140
9442255 6466
2685163 5239
1981182 4292
9524664 8613
8082346 9396
8181708 1849
2154490 459
3489730 8491
505659 9286
14865613 974
11392176 7855
18359778 8128
2256397 3587
759252553 67
69067832 4213
293960263 2131
679069004 949
500592756 537
574398038 4926
152691583 2140
635554477 9437
346385443 2778
243607252 8106
412994279 461
574595107 7985
323496490 1961
256513894 4124
463972369 2918
456734554 6912
723423556 8538
287281601 8739
43642652 292
203144326 7541
519891722 9168
418007905 4624
516142656 2003
547153846 1971
616678636 351
59848008 1459
625086786 1740
362471732 2605
335974541 8544
600507910 6300
226482001 6955
273814936 917
463515821 5561
44033879 170
452140390 2494
417721892 9800
713290990 2211
609817773 8791
203142855 4994
417203571 8535
96745620 808
501759892 3387
452349142 9591
186060231 2798
707791877 5994
249513263 4393
333976398 1584
723006979 3496
213444244 4788
495877797 3978
434344241 726
157767891 9673
689216653 3080
282979213 307
538307469 1181
228495663 5021
708701453 7471
444428114 7520
610322752 1683
615620379 4155
15052790 7759
350421801 7676
339593436 8955
706154462 2763
353077633 8804
218866821 2048
607977463 5300
735954525 3968
948904467 9
868793391 2299
38646072 5091
352916822 5514
356442047 5941
52380896 215
45250600 1096
565813922 1053
91342355 5309
417079702 1439
166863349 100
106315312 7524
80622685 1414
52732076 9505
101197723 2206
17407774 3644
101950279 6781
60897291 8162
159187116 3174
111043067 5221
29403805 9710
19592790 1229
156966436 4221
82251789 7585
41460671 601
33220080 2373
60501863 3928
64845616 1288
75277742 6687
69163167 3610
108772522 9476
65125762 888
40335610 7301
143473802 6849
60697708 588
120607121 6399
98893630 9859
33750404 2020
44323718 8590
132565716 7916
102808830 7961
52175329 1003
52021918 6540
33420058 3625
26126225 9474
140331444 1086
150498756 1791
84002259 211
32370724 1319
26479781 5620
164397280 6751
41443603 8914
79246583 9350
138239299 6229
119997208 8883
66254886 9986
33905685 5921
70813359 1587
100146879 1466
59909332 6989
131266417 4728
136899302 4584
146806598 4774
139519216 8507
43475188 1127
49011448 9877
67056045 6267
78599918 7090
132008652 6665
126055889 198
12824226 1899
102984369 2409
151411483 54
69799098 2468
74877365 5408
10364681 5386
158631397 5213
135345505 463
30004299 6812
160437955 783
65913711 416
60228739 7077
74109002 5256
140170451 3827
113595322 4251
75078987 6860
138484161 1132
123096851 4931
117391427 1712
163471942 3362
166081955 8976
75154156 6025
152299818 5186
18847346 7458
30712140 8898
33298972 5077
36158100 6678
3097643 2698
151326666 1202
12796417 4029
74312986 1554
10484291 5896
131808184 4373
164577565 4521
46464262 2258
128428067 3993
129464035 9347
59628430 5221
4631992 7935
130019108 157
44541859 8093
779556292 100
80803075 951
563204264 3362
134966884 2364
281135782 3868
150565318 9618
485788961 3441
585863953 2895
716748921 5653
252380766 1234
251952177 9405
181552022 226
646702225 8450
439550958 253
278902115 4148
582980081 9454
271038067 2865
588906038 1273
512623388 7096
306367361 9016
736204701 8083
307570437 7934
119653637 7302
258372227 8609
527733805 6049
602501917 8059
225119054 3455
438073152 7187
584963169 9813
763313023 6562
702399689 7883
27249759 8529
56057482 5632
430021260 6454
571431538 8034
309272724 350
35679701 3280
524771928 943
144942747 3071
197307865 2280
638534769 8640
28935197 6088
573336091 2017
114820354 6965
111693496 2422
861571 1759
764898728 3017
484851970 8258
605923875 8834
520612194 8290
659784992 2918
768056173 1996
541200277 9992
578406606 7371
11522901 7599
385491039 4451
274077943 6639
567422853 771
393921633 5908
595613401 7826
318747027 5824
642000790 9828
137589283 8075
719681218 3316
379152385 3479
34890064 2423
697434900 3343
299008854 2985
125923925 4382
121329463 2262
204578491 7666
87585787 8607
498296444 2238
63439819 1628
292841438 1498
143598308 1754
321599919 8014
138142341 6751
247189807 887
722010629 2458
677574058 3510
527971832 3904
543821037 2848
136610186 871
341838147 367
475328700 1979
439228606 7602
756961240 3546
476677137 7030
454193636 4669
92859802 9325
186737375 7996
81456470 721
771651018 1076
149527394 8509
390939098 977
426040305 7283
147637754 3675
196174343 1834
435849577 2262
712551151 5079
104560895 16
18383204 222
101716561 1784
61136376 778
103487556 2116
100684498 8923
51280840 5385
18449644 7555
44420182 3546
100291166 8133
19482358 9226
5329909 4525
87496239 6105
11443548 9309
104512033 4915
12494610 6867
41619379 1600
854288338 100
100612810 1401
217089375 4546
622782169 1018
343193298 747
484918668 2685
2260306 1801
412916731 3320
449189728 4503
838191432 8128
815241636 3427
231074736 876
300703315 6992
142161418 810
286981131 8196
53169397 9531
650653893 1130
639874273 176
798598806 2567
795435147 218
118098744 4153
491821230 2586
596503272 9680
314506214 1037
514703625 9325
147824178 996
156330654 5130
441458996 195
41103023 665
236329069 9059
532910966 753
745889868 5367
850903679 5483
694793285 2807
57415305 7526
758807871 6059
583882835 3361
129507670 1359
339456548 8761
809916549 9188
802161144 630
349917455 3778
254089196 5009
111183763 1352
206369346 1368
759027609 1068
611142570 2381
789133255 956
172860514 767
610316050 5775
41622838 5356
653994370 3131
78378263 3221
35942351 7922
476939151 4668
246579259 5470
367192890 6618
99067407 7304
777424320 6615
56521143 5313
294802186 4514
322088959 7258
292904830 4756
436899235 2267
535141051 6810
523969416 8899
694480855 8775
103026107 6614
152989161 1136
203329618 7141
463033239 6797
569246228 7386
349903028 596
841085833 166
361436081 5083
51925114 1692
57815471 6215
395514002 4791
811989511 9309
238713791 1443
94957164 7753
118965127 4739
446723911 6932
274026431 5156
63371428 8387
707950430 6793
221925510 4533
331024970 9747
320985973 2503
74812826 4901
104979191 1343
306034366 5559
785077074 7647
496148594 3817
62850693 9081
285367367 3364
777935091 516
697692491 9178
397551681 6957
417972926 4147
71390617 3125
46331693 47
15186088 6373
29335334 2450
40016516 4230
43726504 7782
38390327 1635
2427784 389
27778986 7356
9710184 9897
22641963 7105
43329996 2136
23890565 8779
394000 4724
4360886 6069
31681577 7315
25663778 9368
30880975 2268
39218069 5843
36313024 3935
43727159 222
29425165 2753
43958338 8031
33582178 6266
2005199 9950
12182286 8913
71204 5168
1784087 5026
9526430 3200
24424986 1395
9091144 3887
18932740 8746
8845560 6258
42851453 7818
31819064 8237
20131872 7656
43275666 9482
22624196 4035
30828219 5680
8101012 8617
32425944 592
36329191 4168
8955220 363
15834318 8226
9416960 9366
3192501 6889
28619787 9630
7319742 1227
7271299 1512
1000000000 1
999999999 1
476958844 1000
298411378 9658
268576634 5080
74270650 2649
156776683 2045
350158536 667
321073723 7460
440180279 3524
115131438 5602
341649563 920
398072694 3188
303618946 5151
418600366 2951
214498440 5979
464652723 3698
12875418 6838
246802852 3094
338585178 7973
334217726 5484
15686553 4625
280392630 4728
422003294 1582
174079802 9725
99673247 375
26163702 4050
471914103 6756
247065511 2903
385182870 1353
172413146 4273
329699127 8496
211570448 9546
198147975 6925
272225973 9067
278391357 536
272386849 726
192328546 2988
407779755 1816
365164479 8571
46887977 9146
5483670 4391
330613299 3819
415969175 4963
239048129 617
404967097 9288
278908136 5963
28910328 975
443282430 6512
461064524 4443
25937056 2843
60817535 7926
34244731 8394
340644361 1521
387755507 599
473819509 8368
164852181 4981
19742114 5495
232823567 7139
177580602 945
394166556 7796
462843904 7248
464933192 1556
377035586 244
169372916 634
68158728 8267
197081722 2043
199025815 3633
278960482 6473
357349626 1603
370234824 3513
263861866 3600
212437121 595
8580012 4881
476190146 2636
251617819 6762
439364518 3875
15234151 9638
56241771 8367
385592642 8864
142724376 7284
369786229 8753
209867029 2837
418080811 4744
62634299 7956
42568387 9812
331531049 6196
212423824 4768
228298110 5343
286600732 23
19353660 1770
201138892 4790
160481619 2719
323022382 8698
322315337 7051
753085 8807
202497830 5205
353420150 8875
420768639 9378
405858978 783
19498306 8120
946827 6795
12656622 3694
255684151 2187
150049798 73
256882251 4203
427294885 3441
339833944 9960
273119006 5345
407530827 4001
49329376 8790
247866906 6693
129777548 214
307855385 6538
210230730 3379
129268228 3576
193062930 7909
193835097 3014
342102486 6902
289706003 6083
376085591 8632
173258164 7104
133114698 5860
257737587 6625
326496197 8287
393052476 9652
29036420 8521
376563457 9021
263044112 4621
225691359 5881
378013179 6720
65215636 8795
228085652 9984
135352904 9955
239442249 9677
116058103 2868
6432950 7127
184398947 1386
386039685 2477
293839274 9936
38622586 4203
30097766 8546
448290393 4331
70665606 4887
378826808 1410
338846692 1148
447734977 5247
352831148 5972
265682473 6260
460468991 6527
181944606 7675
157776270 6192
153977731 3351
412811003 3222
409208028 6792
144281065 4006
369048849 9280
435978892 4009
85111326 4360
172488131 8761
432624038 5059
183483386 708
218536070 1496
163060481 4477
382907861 8382
190313185 4710
164200178 4130
193570213 8733
207394927 2315
194936369 3475
1156754 2415
219341232 9939
127516204 6691
13028092 9096
459752632 5646
18625159 2670
443617521 5024
397106079 9396
249095059 4852
326733193 4063
232545406 6698
63421145 5001
420196618 1963
428359015 8644
473277891 2546
73400552 3753
349303803 1353
360424447 4094
154419637 1065
48084129 5937
183423328 9572
66565289 1892
187102627 9408
1957516 9178
252857221 6627
431303740 5402
85922081 1430
415203356 3218
90098404 859
111203359 282
298392160 8806
69707698 4346
28190078 6457
299861842 3795
26390718 7953
383193165 8394
327214162 5647
195602416 5204
232053250 9140
194662181 5516
424157195 9935
474902641 7332
280311242 468
225562299 8128
251874903 6439
358271349 6170
193235684 1367
169558992 1176
114978204 6118
330159374 4757
140078519 188
264856756 9252
111016172 4300
311104508 9224
268643179 3901
17211177 985
185307956 7127
453059126 7946
224197994 4263
395954221 4982
243364229 9089
293588658 4235
432395134 8964
272067700 6382
163480533 1178
475721904 5983
460261358 327
158169187 542
332467458 7495
302787810 2972
128886697 3243
371472796 5997
21279885 8838
92366688 9876
25474818 6717
235191278 8592
236101758 3916
342400073 7035
24885300 5959
83175598 5829
263781313 2243
8705506 269
202419984 1979
28340068 8059
219739053 634
110061803 3787
366893586 1015
96407183 4176
168116684 1420
14271005 4463
430663243 4654
8619325 5955
70209092 6746
306170391 6123
274014177 9196
258972537 4538
369698515 1917
289929992 8245
110907958 2222
290116906 6846
243723312 3738
394972352 6540
124642699 6179
308281323 1301
93167166 4153
373053067 733
382405714 4460
112087117 4253
105722521 1708
277308341 1414
173978065 8219
306801463 4899
120679058 1086
67257321 3830
6159257 356
33647974 492
43123678 2536
70631154 6631
66788295 8476
51293850 7051
264455326 328
253233809 1697
309961221 5915
164903878 5248
122398569 3473
235080146 7297
397587158 9106
472456703 3652
158812685 3041
284922990 7162
253295690 8253
155057890 3472
280426672 7021
432538319 5027
384296676 1298
31256304 8592
325013584 383
451103177 2293
459146033 7995
363997164 6998
253349565 187
304787862 6335
283488097 7390
203499191 8367
224563 3454
471023158 2472
25289262 7512
425838103 9056
115539784 7455
136208506 6226
422143549 1202
339732028 2998
184932749 4409
246229249 7407
378118833 1748
100602077 4170
163522347 7001
40507314 6314
19417357 4901
284202176 393
359048006 8446
460946456 1568
210816473 775
145505874 8798
125922994 8268
61924195 9276
14624433 1786
340959784 3392
24181928 5697
288651701 1289
468677928 3489
15554035 4011
217012046 6362
437449197 2274
262190532 401
111950306 5507
99064894 4588
132703546 7970
348487955 7276
101937121 8497
146575871 1234
161898077 9182
469508307 1700
474939690 5572
361760584 1917
40849977 2261
1526197 7913
41626597 2947
274537612 4321
114143260 8135
408391209 863
51876379 9659
110264604 6985
362368285 6817
118168112 8684
435480118 2966
43341569 8546
390210397 3930
111928107 2708
137289921 5393
236482177 451
343814436 2614
81133985 5554
472470949 2104
91694034 8027
48145922 5345
383663609 6689
447076757 5260
267321953 3069
369938083 1916
421460289 9337
399649766 4578
472060663 511
454220227 1054
125035066 1947
457066017 1017
143083501 8881
259734920 470
250366748 9838
97136584 9451
411401385 1303
133881253 9040
107211451 6047
423603628 5137
13296724 7388
312842985 8969
62137880 8548
387409479 8605
89494840 9230
337663775 2090
138246121 8441
403255859 348
208897716 7150
57552988 9397
48874865 9817
441839345 7884
413162169 5795
234519262 1245
219792985 7920
278413741 7631
473467699 3957
177144652 992
346926472 7769
282745194 8787
275794069 9510
241749166 5031
404623121 607
435966203 5433
119059998 5509
226471219 6851
307531810 5058
361273497 8257
420480907 4728
163909520 617
181985599 1457
349194773 8975
395644034 3739
451627975 2034
91949144 2128
443721712 664
79285339 7270
109980282 3226
266148779 1708
20323372 5018
98176322 7901
156435862 431
238886561 2871
124320265 6815
145303221 5059
215591238 3391
170138913 3263
64082625 6387
352873876 4444
272090331 5027
273545497 4480
216222474 2396
81036059 9855
344010659 8271
327226802 4258
361433716 292
28491734 8127
57467853 5528
394297327 7228
191186437 7599
93339021 2896
53114507 7980
309139774 7642
395288920 4695
5071091 7311
336527995 9247
431905444 792
2361391 9229
189741442 6937
150718514 7519
293397352 5483
151796867 5155
118081639 7720
347006 5886
337687920 6061
144281481 1636
419514980 2025
268849592 531
188252351 9194
476140174 4850
65786429 8089
193743669 8641
208676634 5438
38882673 6504
304207618 8453
276384302 1096
235354292 2364
200308389 628
339496593 9993
149352517 4909
287611521 9983
150382745 4339
452872558 4591
336744265 4698
358484614 5971
76883797 2070
386691569 1503
387177143 7596
274420050 3713
282120727 8736
159602436 6026
411073888 8106
285193205 5574
454082669 1699
105388500 340
442840717 2288
362375157 7330
199690980 7757
192751467 940
324108893 1208
51212400 8271
208864805 6866
355528668 7551
447128276 7583
350495816 4872
452264972 1250
41121405 3429
63738788 7420
108646610 7416
445458872 8725
263879066 1002
137337630 5727
363149289 3838
230713965 7568
143937976 8490
380437169 9301
191233953 7788
433328842 1859
163447584 4142
17910420 9322
68033026 490
72845676 1224
136933165 6290
12729295 5170
294299341 1595
214763576 7978
89837740 5558
270750137 5466
300364194 4657
39980416 919
264288149 8828
273264654 9067
119769740 2709
204794505 3384
265594558 2180
155908219 8729
154565562 2135
280163372 6450
315486178 214
11482774 51
309641179 8683
343689098 8739
331034391 2774
304136107 4145
123839166 4624
113929930 454
109306906 8613
260348481 7042
114824550 3135
113368629 4243
449217321 8521
296932960 2114
368328907 2869
285734025 9552
188348889 112
332260504 8239
300786153 5787
424248200 9830
105104422 950
328591371 3573
316048353 8269
230023008 220
23840350 2221
224762526 408
6041838 7180
445050153 9779
261551704 9674
356266926 8160
245574959 2038
371327490 981
90045609 3571
473408039 457
111007445 6069
192613480 3724
350138015 2224
88596924 1161
299046097 7909
32968030 9357
346864268 8244
150203460 6039
397664647 7834
303682451 6740
212750843 1808
95007752 5537
8042106 6888
288472328 7025
365543595 9231
55842376 7353
108848562 2332
453910661 3815
355104054 5987
429112693 8034
430038362 4300
363272292 6010
215873040 1635
243770470 826
436617219 5598
114441434 5164
240665400 6488
130483473 910
186734574 7198
398362019 2929
359549297 3344
71662616 2471
253257161 3070
44195411 4381
305498703 1803
217719874 9387
340890973 9199
457984944 2074
437021496 7053
191655059 486
142745184 7832
318854305 7839
334589351 5655
277652876 8983
403754578 764
108204632 3308
219471754 8480
424747189 8025
106745582 3205
235060831 6490
362851818 3896
103399185 4988
191341493 8600
247153347 7787
466646205 7522
247511828 3333
219491700 6503
372852165 8389
81967101 9044
364400658 6061
72688955 6588
298855507 8318
301685213 2646
288899781 8592
394971451 888
99849343 2130
33136410 8045
78558552 8701
49455704 6798
455606834 9806
459664241 8347
19853791 3089
204006583 898
141733220 4547
193498758 2872
71995960 4208
251991791 6901
14835939 8889
291214762 1876
17436306 1267
138343918 1453
403719708 8883
95585491 7506
8198996 4972
267395314 5089
126982149 7803
25240894 5225
35051485 2082
98430955 7105
330523365 3615
103689345 7451
22669259 9653
200580042 5304
282937521 6551
292013651 4798
161461505 1617
170754866 2787
10442020 8888
334649875 9871
248274823 9297
355485281 9764
427178589 1686
16738790 9391
431151057 9789
192946080 5907
60534681 738
343006350 1124
388757161 5042
85419185 4433
104615196 5824
10961089 7741
329182417 5679
184976581 5044
190483334 7495
44130802 6655
423850151 916
443108642 7477
210008354 1523
240390687 3011
155786117 3610
228975163 7304
158455050 9903
305429168 2364
288408249 7989
195353064 9020
222396805 131
209538095 3865
96023371 1921
6715053 2778
55318254 7459
252870313 1614
351899028 1213
41705979 4062
68696881 2489
37707191 5429
444203732 6395
168790542 8203
442952922 8213
291980945 1838
387303804 3086
118708223 2078
41932717 5509
82028052 1576
133926172 1117
236448803 5820
360611753 1356
74272001 8335
288276221 5017
456692111 834
467751351 1633
65168308 2528
324257900 724
34068966 3589
428234092 2960
274658943 527
466928784 9727
306529731 2649
214655269 3674
360953170 4892
15052072 254
286024499 6388
123736866 6115
55565244 5551
304384546 9201
190824240 7388
323589128 8676
468771532 4298
54314827 2420
154637660 5417
67168669 8861
1755444 8282
323552957 1989
215237436 7030
408206203 6234
52043105 8398
340796229 7781
186036507 3190
128246429 3951
166660840 9108
189618363 2977
9348540 242
255504316 2140
122361956 6233
36480299 4434
224787165 1346
328226359 6924
94242425 1984
89094491 7340
76082742 775
130707165 746
324863069 106
443307418 4984
247652225 891
445157547 7739
204414855 6429
448016330 4983
67392121 3908
15587998 3499
140671041 1010
367404971 6007
221627096 1017
418571390 2485
323277327 2329
320233169 2601
70614364 5820
163803876 7890
53672132 9919
189017339 2021
434066521 6115
260308562 3345
112320652 162
309562534 4593
318162288 439
378734149 946
37313503 594
338817768 2070
323579204 1966
210621204 3626
216383803 8638
2720155 2600
415669500 8563
253966156 6902
434295017 6866
472273651 9853
342144207 6943
379123130 37
189887819 4570
187500797 803
266827943 6602
124452905 2333
460799861 4299
354236232 4483
133962548 695
439165009 9625
100462721 4851
37541586 4212
176685232 940
143047272 8445
290854634 7052
193461607 8592
197700214 2405
237853405 5336
447503005 1372
259270598 4287
128840340 1176
190944850 5452
162922206 2353
369271559 8370
421993505 3709
173374963 8106
226157530 5355
85580351 1191
178918676 3531
168301569 2077
471425486 3766
413127442 9999
129745160 8733
364859302 643
261471763 7560
247383607 80
151336730 278
173916026 8368
281597907 204
432476859 2597
378125827 2072
397325355 9888
347602690 1189
195741572 3237
218415683 360
175830432 1791
357351340 3929
429950097 1934
452331345 4647
284904763 4836
8148428 9942
355870860 1001
422217343 6710
249948173 348
433618550 2055
237717465 6837
64674672 4799
305638997 9649
51766957 5023
28118161 7704
456666890 3400
291535821 2200
234079079 61
23764698 300
230124576 6726
229664410 2082
178388245 4977
143982403 671
378526636 905
472851921 7824
106101156 2668
191970964 6439
69153580 5812
327496300 9281
153401578 1595
160575539 3323
90162840 9098
328294652 4561
31297685 7661
170977547 5064
353753679 1883
167041082 6778
63268100 5076
60684639 9518
160982385 2069
221869294 9575
157026803 9855
384890533 8446
315078585 9066
213682194 2799
290639503 4356
347924936 4740
447074939 3638
17685986 2442
217914957 7517
165274473 8221
325411750 6320
313623028 2675
438915386 3590
103404649 3658
244684947 9136
315105284 8677
165827962 9333
302910136 6804
175599717 7337
384153038 1025
196120700 4739
136517814 4871
74947005 3289
41289040 3595
369328708 5879
460857767 7074
98100066 9092
154441337 3962
407257573 3125
161244377 2753
188496425 7197
198781887 8434
143277462 8925
456142772 5567
182345469 6858
49177501 2090
393799427 2577
366764462 1139
283884890 5589
201242782 9914
148673064 6461
252339385 5118
16691269 9144
34645057 6416
323739430 7645
296106018 1317
152207143 3360
39450979 5747
339190794 4721
453313596 8170
377021564 128
436950104 4880
21003338 1576
217746135 124
393373100 2898
392484952 6842
308880481 9383
441748065 2402
256426493 5906
385896712 9036
367760685 6370
27749600 7268
215780258 5107
119986269 1132
225464529 5154
69082566 5799
129663346 891
40995946 9650
278777082 2006
189035640 7794
199752320 81
250379142 6840
26670313 9853
366619047 9771
196793556 1586
345265838 3848
276178517 8008
178778189 7852
70296579 3047
58269392 9062
221311954 5547
218732858 5628
341723348 8084
321850518 8303
405413074 7431
107004762 6789
46214037 409
456656404 9506
392000561 5502
356532603 8435
125058444 6567
393614187 4882
149382220 2418
84782153 3993
80813897 663
321440005 7748
228510032 2714
296226854 4534
474611256 641
96287591 589
346157769 8378
17085983 8037
173705947 1065
472539243 2678
302403648 3554
104262681 7374
61157192 3614
5416715 3155
438322416 6042
410810982 1577
176544715 4126
164418484 1791
464000245 3850
51028069 7209
14153864 5184
444232408 9607
234823446 8076
239453052 19
86595527 806
114288500 3180
33813105 5679
144424232 6862
189554425 7072
36718871 5409
61894039 6151
63656075 6545
214917377 9683
28086608 8240
226916250 4138
26868701 3495
40678862 8858
165339826 1996
213484372 4261
225491483 7692
102884549 2836
103642316 9604
227053263 1597
457454079 32
351220213 1239
392121601 667
410533060 5186
216219535 1080
378195769 302
324864108 9030
443800223 7778
220613730 7170
58998021 9391
150163572 1116
325149465 7298
377670851 2413
84097319 675
5884327 2595
119354971 1473
315720558 7746
217512419 7466
166952087 2033
114772085 1590
296726965 6318
303657857 9600
245533895 1090
258246514 1392
444526139 2440
142657820 7188
179940905 947
12669993 1071
306359311 3013
20865369 4562
283927002 3457
218907184 5462
450837601 4930
991628154 82
598914731 2269
234946525 1735
498891326 1722
134498976 2963
634685846 3091
310406279 9192
354703485 6515
491460695 2728
567600964 5123
204380174 3081
43512330 1599
205218220 1436
247535276 5256
935952746 9244
80114838 3420
280020502 7609
177889287 8542
144469427 3724
792252386 8350
647561793 8588
683590229 8408
888899475 5477
967753599 5819
496744793 3564
792719694 7682
162211263 6938
334937008 3968
856678184 3823
869593669 1049
278049190 4508
719501390 7294
237678478 3726
989171312 9830
920661958 1620
765773182 6175
907254421 8783
281813709 7937
83895129 9488
581299712 7896
318444602 6897
633822699 9465
563685569 6641
640704233 2057
984041066 9211
12789838 5824
798162963 6037
952876339 5954
29983144 8198
83224941 2075
273576668 5787
603925711 1883
673070499 2623
662800173 4151
451691643 7900
208348942 1411
985622681 5400
805072749 5625
571915093 798
1681122 6497
468733411 4084
685493261 9551
210106170 3806
806029189 8088
343761558 9980
565291997 1319
372401666 9150
846347181 6775
305086157 7914
677257624 4406
142018532 8039
162845558 6575
589152326 9034
286676076 8512
306864781 4597
460258032 4844
545653717 1398
889449589 9859
171590785 1140
790161154 2187
159260987 9340
956168356 3739
363497769 6334
653023146 63
131260893 2831
469387072 4660
177616987 3341
109354914 3172
17479582 3648
478102860 1261
346348486 7864
105116744 9947
645686294 3900
233764790 3118
193171654 202
136098015 6211
578729615 6950
323098175 7091
596288983 2917
355697234 6516
168319258 8357
443495681 3125
299386847 7849
450096759 6488
77151557 9531
283652829 6465
16354316 6847
45500932 9685
440777684 9407
334107497 5886
521942482 8956
446693538 2129
435738622 4074
565728350 6317
626780639 5668
336018054 4438
226646269 9081
504639875 9571
341553770 3961
329138077 5891
363150530 3941
76299840 608
415551321 3966
302667488 3805
218433233 3250
628060067 202
474316522 3361
586424412 1651
122018003 6403
213373315 5945
329594849 3041
445499943 5176
441054072 957
51827162 3977
636809551 8937
650322118 6754
621349345 7683
190938535 5586
556795611 4283
508418453 1210
382485560 8800
508834524 383
390231567 7765
26763005 4962
452331683 4782
245965022 6805
635736872 6686
1000000000 100
999999934 65
999999950 49
999999942 57
999999962 37
999999913 86
999999996 3
999999916 83
999999908 91
999999960 39
999999966 33
999999976 23
999999974 25
999999993 6
999999906 93
999999985 14
999999964 35
999999956 43
999999979 20
999999921 78
999999986 13
999999927 72
999999943 56
999999968 31
999999914 85
999999939 60
999999961 38
999999989 10
999999904 95
999999941 58
999999909 90
999999928 71
999999959 40
999999932 67
999999949 50
999999965 34
999999936 63
999999901 98
999999972 27
999999992 7
999999930 69
999999899 100
999999948 51
999999963 36
999999988 11
999999940 59
999999984 15
999999971 28
999999958 41
999999951 48
999999922 77
999999903 96
999999982 17
999999970 29
999999987 12
999999933 66
999999969 30
999999975 24
999999995 4
999999983 16
999999905 94
999999912 87
999999952 47
999999991 8
999999917 82
999999925 74
999999954 45
999999994 5
999999900 99
999999967 32
999999911 88
999999923 76
999999977 22
999999924 75
999999945 54
999999910 89
999999920 79
999999926 73
999999935 64
999999907 92
999999997 2
999999938 61
999999944 55
999999973 26
999999931 68
999999937 62
999999946 53
999999957 42
999999947 52
999999981 18
999999978 21
999999990 9
999999980 19
999999898 101
999999953 46
999999929 70
999999918 81
999999915 84
999999902 97
999999919 80
999999955 44
554491688 14
467829080 8059
179967122 5329
185167389 6614
132010342 2928
135132116 1851
507652106 6389
501184837 4314
428920663 4455
222917279 6810
236529079 4247
542364313 4241
98902866 1697
293362932 1053
349590536 9670
631500171 100
506226075 5098
615287138 3383
70299066 4631
174027383 4920
371343632 8807
483653118 3405
331885216 3936
391196821 9495
360835728 5764
282211784 1045
407755995 3366
56785982 6922
409099239 723
626176768 4196
147344288 6350
73586182 4679
342545490 4450
314735479 2650
456947903 7227
394198015 9894
208676785 5685
15989291 9839
76095546 9802
133476047 1900
424889787 3966
318192426 217
341014398 9919
414869387 2143
417266815 4047
252771974 1729
557256045 1399
540957285 7867
549468667 7144
33813949 9040
423287662 3059
236502883 6353
355627770 1053
132355283 5664
497225964 6961
195752991 5783
162999384 1493
263857311 9308
326387686 4313
483640108 3495
11362169 48
222153130 1511
611627618 9805
551805810 9354
124120555 1103
388234582 9895
264846009 5780
134349750 7295
247488900 912
508961814 4606
618485184 2028
361073570 6229
309925065 1599
561948867 956
426871528 8850
462490761 3608
112908091 4885
473926063 4960
50573869 4674
278046133 2356
7822379 2324
525269492 7173
523283275 6378
582662079 618
325087797 1105
118101412 1972
106612622 9285
228233350 9799
492676220 2306
423181969 2005
338313662 3251
191405437 8283
254028315 3116
625491986 665
592498956 6155
619215041 4049
631334600 2078
209011205 964
50892222 7789
546043999 7705
347991176 8297
339744133 496
625525056 4280
49050564 8630
370953296 251
288645313 1629
509408722 8474
608244706 1382
116301490 9372
277297690 5052
17231902 9363
341690055 9223
272215336 4702
150058033 2552
3813700 668
70850386 7942
948447054 66
565394677 1179
810808545 6296
939894431 7422
557225565 5669
120786978 2926
645635797 4611
212286509 1450
612666658 8237
741491063 1640
33336121 2515
509234547 9409
693883165 3051
816795067 6636
659157530 8672
136250181 4692
529284074 7826
78887075 8850
37453384 4507
271308318 7654
15855200 2430
461793067 2228
232301417 6899
768185531 1478
456336330 6690
568616155 884
334549064 2994
229117893 317
329827039 7801
780980370 7526
627680206 860
289148117 3297
898352007 893
237151626 8962
867756038 8386
655506079 3051
241109024 5716
171258593 9293
346574057 9252
506572610 7068
905942000 3547
722814742 4389
744379588 8885
804158125 7978
798298162 1090
6949314 4285
273608724 2783
701778104 7572
928315359 8263
642363889 627
886523767 3631
943800844 7171
985467 8351
284304876 1677
126604520 8166
103167251 5972
241729080 2413
690285362 2006
103136450 8481
305027825 8070
698020096 8164
522944438 9830
838252024 893
214890471 1364
475480099 2793
499282582 2506
542732334 8050
267494550 50
27057438 1966
54338205 242
191198254 7490
131742651 450
175195684 4179
142120921 2761
209843935 4301
123952082 272
24067978 6565
108307419 626
148032248 2884
34434595 1263
21277463 1642
196577614 3238
231274257 345
231330701 6543
226700174 936
215573849 4168
121214033 9597
76591653 7440
190680869 2244
259049543 5866
12714007 507
193165818 2213
249204593 5596
37471608 7246
175977183 7964
4022584 5350
193980903 1344
5807841 7952
132182209 8777
146391227 6522
9763421 9862
8627071 6146
225555825 6389
164701523 2068
148160115 8362
67760271 886
230664340 950
228995090 7686
185034914 7958
80652890 3008
256767749 6052
236174346 1779
195341898 5606
159377623 5848
79057303 9162
84949432 1792
106782523 424
143372748 8034
856196844 47
696564929 1099
151412361 9287
433265196 8764
16266459 4660
699648942 7683
708886003 8078
708810701 8903
821846072 6057
448428911 3693
742625564 823
662952964 2807
446357719 8883
439736754 4001
528725843 7448
476364802 951
106748432 9940
257434379 7103
366294725 9335
736199641 9603
833150057 5239
729152575 9894
732509660 5935
134825390 6044
459920964 4281
13729295 990
338883416 4605
148321054 1050
502030723 6068
259610374 3871
582968311 2754
450356745 1870
692258317 3952
728288277 5874
134841138 3242
29095631 8355
329850292 5731
80123326 4681
450163143 7929
506890868 5704
352127048 148
610576793 1410
631810419 7465
112941845 6801
195812424 8349
334940858 4298
845058724 2163
234713756 5677
318254790 92
254258898 47
231192221 8289
2949765 1370
115640377 2226
311839421 8131
78071007 4592
241803279 4558
218538079 9427
233914565 6721
220159826 3686
268033277 9274
192501021 6906
178404597 1219
245571407 6275
83527858 6732
317810539 3508
235111212 6582
231516865 7006
180470164 6079
111827227 2486
103689532 757
110385222 6859
315040287 7720
100414003 8331
181780596 9989
59014923 8035
5417074 9633
101251886 5855
24338971 1972
150691789 2013
133896172 596
18131213 3726
22868280 3282
11160484 3586
232561125 8070
238917275 8321
65101636 8866
253766729 5404
51209547 878
161427086 9709
17619006 9632
32768329 2055
174797116 6087
223585756 4020
51894609 4464
272286889 5317
65433731 6521
248302505 6982
2115338 7322
107188711 9126
194788918 3329
100018502 199
297376529 4471
154276006 7757
136099462 149
164298035 2312
80732924 1015
24157343 7165
54454068 1538
166980349 7770
157686038 930
105290593 5881
90245963 4288
41776920 2965
62160056 4348
121312061 2874
139708268 9690
117688438 2475
42197863 4563
98676027 2692
117671993 3500
224851460 2005
15933496 1657
81530316 1409
60247533 6418
91453365 3642
86838693 7635
109853700 2903
25819978 2798
190900756 3715
315668430 4028
179207581 3623
298563905 1432
141612221 8931
163280906 3973
256933776 1330
282440580 3606
52366405 6048
164674949 6869
152552702 1878
276876210 3243
287005696 9344
76173895 22
22383084 3098
66276674 1488
34300619 9494
14881711 8515
166547 1875
39395603 2570
18879975 1511
68140965 5142
73342045 2905
4876726 7064
67441642 5947
4300254 2430
35419633 2567
47120627 9452
37800636 178
12559637 1185
48245711 1936
55659280 1328
33529477 4555
30578566 7422
72717217 3266
5837100 2238
787928787 43
341231811 5612
13942576 9082
249601629 8094
675613406 4696
331730991 8796
542453798 7028
184450526 105
612889318 7288
224703865 9055
480142936 7803
202088689 6987
397191932 3445
184225678 6123
603842853 4244
124565228 187
5334536 3901
623806596 4064
99952710 2318
53329194 7605
175325292 3268
427956799 7687
177337461 837
481274086 8542
213813825 1962
501350738 5640
407568326 7675
194457661 4339
501055283 6810
294144824 6133
272994579 3418
220522838 8474
232939026 7346
758184685 8477
24295859 9889
391760605 9976
699565200 7388
205731783 9240
428330740 2927
254753706 3253
119200151 1070
759887928 2493
40969033 6863
260667189 2728
23484957 100
8306899 1658
12918866 6002
9478999 5289
12190998 7720
11631760 3183
6214672 3685
17963440 5197
3376732 8227
19048604 6000
12713586 8987
13301960 4828
514730 584
18427875 4181
5875216 8517
9165513 5893
19411786 7402
5334424 7528
10280302 7219
1898084 7065
9116797 4525
13220271 8936
6827981 4646
15229704 4056
10602922 9447
11087186 4285
7249770 1141
19255758 7626
21722433 9304
4574325 2759
10062389 409
3959761 9944
10996475 2808
12556441 3768
18391525 9707
6736140 3711
15693836 5822
22348302 8029
6182941 3823
16274841 1975
6934098 4687
9886675 8289
1733052 1959
4028139 2671
14788270 6741
6641357 7309
12396381 3683
11943952 1887
17566767 8869
889437 7186
10157252 3186
22233741 3920
190750 7029
9440034 274
11161811 6176
5028460 1496
20540467 3335
13213829 3119
13690402 4202
17104516 7154
4477822 6670
7945674 5026
3100532 3841
2905939 6617
267596 6379
14191305 5303
23187843 6904
22228358 6672
11264036 3250
21852052 3009
18755187 9495
11286414 1987
6153798 6206
12623239 1206
20238447 5969
14049608 8042
13309769 6220
13580927 2344
16160757 9742
15996085 228
2174157 6880
19288668 4688
7829377 7037
14821590 3363
13682546 2500
2776615 7795
17116519 8742
6314711 2548
16136423 6792
436511 3100
13227919 9133
19216445 4929
18125736 5306
13506011 3388
18109879 4078
22585443 1722
16073359 6818
5455269 2214
10737498 7317
21686194 1392
13022912 8427
335126620 9
171625094 644
240673966 8994
51282239 8434
309001417 7612
63462222 4157
261577209 4359
170682922 8071
3595734 7647
90783417 4520
699756274 1
80411713 5503
200000 100
7143 3
1535 2
345 3
2126 7
725 5
247 8
4416 2
4717 6
8648 2
9930 9
2765 8
4468 3
8685 4
7657 5
1762 7
4415 9
2072 2
4739 9
4879 5
4786 7
9165 5
1547 9
1241 7
1029 9
3723 7
6452 4
1285 5
6078 3
179 3
3052 8
1939 5
7170 4
8569 9
2301 10
6905 6
8317 6
9881 2
1364 4
1674 2
5539 10
4207 8
2248 9
940 10
8729 9
521 3
6256 4
7750 9
28 10
1209 10
8371 3
3649 9
5000 9
834 8
6505 9
5508 4
1381 3
7586 5
2130 3
1711 2
5100 9
8248 3
2977 4
4537 3
5275 4
6502 6
3793 4
948 2
4083 10
3020 6
8497 10
4037 2
130 4
1746 5
8340 3
8014 10
5759 8
3553 7
8620 9
1144 2
3690 8
9931 1
7258 2
284 9
6952 7
8745 5
2538 6
4695 6
7357 2
3224 10
4873 10
3882 10
7809 8
3018 5
2219 9
1012 2
8583 4
5726 2
9286 2
2882 4
5581 2
927569224 2
85923262 351
863361012 810
18651966 7
1753483 4979
13190362 6821
9546125 8740
14337486 6116
772481 7933
6825791 3258
4596647 2882
407855876 2
277306653 2665
313534015 4103
200000 100
2588 3
4350 5
3076 5
846 6
565 2
165 2
2363 8
7473 7
9990 1
4072 5
7642 6
5598 9
5204 8
6 4
7378 7
1895 10
4110 7
172 3
6082 7
7178 10
9291 2
3479 10
5000 2
4217 2
6136 3
5894 3
7977 3
9071 6
2041 3
6889 4
7315 2
9090 5
5719 4
1527 10
9056 8
1039 8
6505 3
897 3
2699 8
1375 10
2548 5
6483 5
7890 4
1358 2
3508 5
7229 6
3744 9
8500 5
1768 7
8741 3
8940 7
736 8
1872 5
3339 6
9986 8
7372 3
6355 9
8141 5
5612 7
2345 6
1711 10
4038 6
2319 10
3162 10
4458 5
8171 9
3947 2
9989 2
6137 5
2170 8
9545 8
1143 2
6717 10
9034 7
3613 9
7147 7
4314 2
7335 5
874 2
2334 6
6492 3
4581 10
4894 7
7470 8
9283 5
5746 3
4551 10
5336 3
2518 8
5742 7
8788 6
9710 6
3423 8
602 8
9698 7
4866 4
3495 4
5748 2
8111 3
391 8
2 1
1 1
1000000000 1
1 10000
227453382 3
73490762 9478
26718636 9069
218769145 1183
594404398 46
74507138 9109
31622640 5676
234281514 2524
184468947 9510
272224120 9523
30941095 796
109504215 8540
351992473 2898
110255891 5580
558051489 5445
521187491 154
448893540 3544
556667047 8134
586700491 9570
392802491 9649
35355474 4102
352456119 3181
208180780 1561
186076175 2906
363493325 1614
247304088 5001
374439484 5422
61597400 7754
451168567 8167
398394870 5203
249795968 1300
532938330 7657
374758541 2233
18631833 6685
283170988 4754
408229255 3726
474933083 3621
376055488 9230
83872568 5635
475717840 7430
167137219 3328
92847389 7710
83649993 5917
28902805 2025
536188688 8393
217438100 1624
3248077 5683
302422030 6462
424592911 9020
215658842 2474
490311868 8034
1000000000 100
999999906 94
999999934 66
999999968 32
999999910 90
999999935 65
999999995 5
999999959 41
999999993 7
999999994 6
999999932 68
999999921 79
999999908 92
999999967 33
999999942 58
999999979 21
999999969 31
999999902 98
999999944 56
999999905 95
999999949 51
999999927 73
999999984 16
999999945 55
999999970 30
999999962 38
999999922 78
999999950 50
999999972 28
999999911 89
999999987 13
999999985 15
999999931 69
999999941 59
999999923 77
999999933 67
999999917 83
999999928 72
999999957 43
999999936 64
999999951 49
999999948 52
999999980 20
999999925 75
999999947 53
999999977 23
999999973 27
999999956 44
999999907 93
999999976 24
999999952 48
999999971 29
999999913 87
999999914 86
999999989 11
999999998 2
999999988 12
999999966 34
999999986 14
999999960 40
999999937 63
999999978 22
999999901 99
999999915 85
999999974 26
999999991 9
999999912 88
999999946 54
999999926 74
999999981 19
999999990 10
999999955 45
999999983 17
999999909 91
999999938 62
999999953 47
999999965 35
999999919 81
999999920 80
999999943 57
999999930 70
999999954 46
999999963 37
999999975 25
999999924 76
999999929 71
999999918 82
999999940 60
999999996 4
999999900 100
999999903 97
999999961 39
999999916 84
999999964 36
999999904 96
999999992 8
999999997 3
999999939 61
999999899 101
999999982 18
999999958 42
652293825 20
59392449 6184
307872915 2455
307473474 5691
133864860 6858
545252504 283
384089130 4740
460962984 4281
426199898 4336
520932780 4890
318446810 8882
105375751 617
591857307 8732
649995043 7103
631539933 1478
221305298 1637
200006775 9948
68861890 991
329902657 9841
201335765 4821
375117519 6344
513620294 27
420415854 9482
166486903 2889
33145567 8708
255466312 9349
180725186 474
317328489 7609
112915092 3563
300042035 4968
220301197 1003
363803217 1001
1577005 9926
296237978 3289
211885560 3096
194163875 9424
412598749 2442
28142195 1847
2056683 4558
460848710 9061
59431960 1595
164669823 2241
265249531 4930
459268659 4178
26601858 778
192909418 3211
137436265 567
369027180 1153
132992498 8171
829740229 52
675788816 5860
654034318 7456
39679948 8200
489768596 7912
335072135 8840
283600861 5034
146069895 5318
280568620 6957
432298309 6515
74622613 5656
259779006 8016
548038946 2395
194531777 2526
614622169 9770
602775275 7660
135885501 213
411355533 3025
578005303 8711
608782144 359
99195688 7257
638399892 38
601354578 2527
624801101 9232
823435844 1974
606033610 4820
121042116 9958
779231594 9900
57557882 2957
617982241 9497
811350013 6394
128132128 6653
389016780 7415
749648071 7805
41332650 164
47268458 6005
482598349 8743
435060718 537
258751673 5221
408811863 7293
201928910 3782
203373792 4129
511554227 7361
545786202 5112
666861878 3434
283890470 9358
291447437 1043
212328697 1273
132468219 6838
726404975 6164
117869746 5634
434560833 7494
774698077 9215
811961856 68
583325560 6199
488825852 5105
775127419 1232
660512870 7739
292574500 9223
489178960 118
564350194 4199
52755847 8279
452749757 1240
133181994 2161
409713791 7534
288282386 1340
595412447 8066
616339168 6685
234108 4363
208997245 1587
557563650 227
142133645 7373
552199748 6463
431598290 378
412496343 2062
795582924 8960
384765267 7715
738710935 4974
315202695 9886
1279076 9164
261395189 9430
112987208 9223
798566067 5032
558264371 4119
674057953 6159
81162429 861
797363760 6060
244794929 9921
496059257 5301
271772146 5385
583556622 110
587953118 5593
216438787 6362
149023321 9288
502072664 9198
181466550 5554
418937246 2748
763232393 476
294102421 5555
635452486 929
106262420 6876
9688100 5573
661206613 6306
274552926 1845
81687146 9112
628497636 975
279104887 4323
740592747 1920
616372199 5693
786109491 1649
702575369 3440
344011215 6359
177112854 4765
244447316 2036
308345754 9814
167304063 9078
463480828 9001
689682620 7628
378453405 3862
492942981 8763
336299055 3902
560013626 1457
1000000000 1
999999999 10000
200000 100
7287 3
9993 1
2909 7
6782 3
7122 5
7365 10
1402 10
74 3
8015 5
9324 2
2749 9
8848 7
5768 2
1818 6
7923 4
6127 6
1687 10
9680 4
3876 2
2917 6
9744 4
6018 9
7779 8
5307 4
8135 3
1586 9
6261 9
5274 10
1002 4
4248 5
5577 10
594 5
5412 8
8216 9
8446 7
491 9
2202 4
2104 10
4049 9
1958 6
5724 2
5566 3
9195 6
9509 9
4603 10
3252 3
1455 10
8234 5
1368 2
8123 3
235 8
8298 2
6537 2
5000 3
1279 8
2234 2
2262 2
4293 7
5523 6
6688 9
887 3
7226 7
1625 5
8248 2
468 4
2970 6
6729 8
5369 4
347 7
3058 2
2591 8
5252 4
6768 2
2371 10
5176 5
5791 7
3083 4
9992 2
1340 3
10 9
1615 9
5804 7
4437 9
7902 6
9951 5
2356 3
153 4
721 3
1538 5
7860 6
9150 8
4725 7
9252 4
1220 5
2300 2
627 2
868 3
5436 8
8132 10
5997 10
946960459 15
56373709 4971
834447789 7457
498660675 5461
941736843 4868
836404288 4716
43246707 6136
846183646 5967
739097814 9619
14369967 1033
783598757 4964
697003944 1426
4966936 7386
625401525 9693
197910720 4645
547664046 8575
181240607 1
99953368 9912
704296524 20
594755956 8905
470992256 4435
538691878 8742
133482770 1581
320362600 3212
462244282 346
175796236 8781
50352230 6728
241127282 3094
109143816 821
121841168 4144
648815610 1355
221019321 7553
67301623 2384
505222869 8845
180228406 8602
51581038 7358
373446161 7360
699596572 1037
482531304 8507
727278314 1
396428384 3835
1000000000 100
918000000 10000
946000000 10000
987000000 10000
972000000 10000
962000000 10000
925000000 10000
975000000 10000
971000000 10000
900000000 10000
931000000 10000
941000000 10000
923000000 10000
929000000 10000
928000000 10000
993000000 10000
981000000 10000
976000000 10000
978000000 10000
955000000 10000
904000000 10000
956000000 10000
947000000 10000
913000000 10000
926000000 10000
959000000 10000
985000000 10000
961000000 10000
969000000 10000
973000000 10000
934000000 10000
953000000 10000
988000000 10000
967000000 10000
912000000 10000
935000000 10000
957000000 10000
964000000 10000
914000000 10000
995000000 10000
916000000 10000
982000000 10000
980000000 10000
950000000 10000
996000000 10000
963000000 10000
933000000 10000
943000000 10000
960000000 10000
940000000 10000
966000000 10000
977000000 10000
907000000 10000
986000000 10000
921000000 10000
989000000 10000
930000000 10000
942000000 10000
927000000 10000
979000000 10000
944000000 10000
949000000 10000
932000000 10000
998000000 10000
902000000 10000
951000000 10000
917000000 10000
908000000 10000
968000000 10000
974000000 10000
903000000 10000
997000000 10000
909000000 10000
906000000 10000
920000000 10000
905000000 10000
970000000 10000
937000000 10000
990000000 10000
983000000 10000
945000000 10000
938000000 10000
948000000 10000
958000000 10000
965000000 10000
910000000 10000
915000000 10000
911000000 10000
939000000 10000
984000000 10000
999000000 10000
922000000 10000
992000000 10000
991000000 10000
901000000 10000
954000000 10000
952000000 10000
936000000 10000
924000000 10000
994000000 10000
919000000 10000
200000 100
8732 8
9971 3
3226 10
229 5
9662 5
3756 9
5267 2
9972 1
539 4
8030 4
2078 8
212 10
5494 4
7069 8
7328 9
680 9
5000 7
2578 6
2666 3
1196 8
4045 3
8881 6
5997 6
2508 5
3824 7
38 4
9623 3
9437 8
1740 4
1820 8
9848 6
6080 5
9599 9
6602 7
9325 2
9219 3
1778 3
3812 10
5557 8
5937 5
6203 2
4187 9
3722 8
4387 9
188 2
7949 6
1057 7
7002 8
3361 7
8938 4
9404 4
8328 8
8080 2
1213 3
1115 4
2365 7
506 6
2157 6
8097 9
6568 7
8912 10
110 4
9300 5
8484 9
5682 9
347 9
291 9
9329 4
1238 2
9184 2
3076 10
7970 2
4868 8
4026 6
3976 6
765 8
3379 10
5324 3
6359 4
4605 6
8937 4
3325 6
1276 9
2966 5
3924 10
3100 8
1337 10
9357 4
391 5
8674 8
8840 9
2343 8
4329 10
2675 8
9752 10
1054 6
3487 10
3177 6
2171 9
594 6
631641717 1
551132887 898
200000 100
4932 9
5502 7
1464 10
6111 3
9101 2
2078 8
8277 9
6545 2
9537 9
1642 6
5000 7
3271 2
3599 4
3806 2
4340 9
495 7
1952 2
6528 9
3429 10
7577 9
3374 2
9239 9
5121 6
4159 6
8162 9
2421 10
8174 5
1303 5
1853 9
5057 9
3335 5
6468 10
5956 2
1387 4
3550 8
2374 2
747 9
562 6
1014 3
9619 1
5927 4
3447 9
8254 5
4000 2
435 3
5159 3
618 9
3801 3
1561 4
9147 9
816 5
9035 7
1452 3
7951 8
6720 9
8855 2
3602 6
141 2
8400 7
7940 7
4844 2
7252 10
6388 2
4541 7
43 2
2128 10
146 3
5317 4
4745 7
1169 4
7228 5
1058 8
7749 8
896 2
3295 3
1181 3
3644 9
4920 2
4497 6
9329 4
8146 3
3124 5
9545 9
7755 3
8466 3
8131 5
3885 6
6714 9
9441 8
5605 2
5109 5
6167 5
6350 9
9247 9
9618 3
3089 9
7864 6
3870 8
7359 5
394 6
417326144 65
81405477 6876
351510001 9279
195817332 7419
15912157 3378
255007185 8863
170192721 2576
230927314 8875
22558813 9164
107843021 7579
27077992 3100
282424450 9677
57221278 2478
381863997 663
124380495 9356
309159768 9608
182943712 7931
261451459 1938
404272789 2917
379378405 9129
371213193 669
46703513 6051
278121455 9767
379662946 2079
237747361 8912
59551923 6845
276128105 8563
73338845 6831
347141672 1893
257895426 327
274018814 8199
220265596 6251
301107007 2973
250175970 1755
365018241 3629
32156264 7477
163093580 7036
404938440 2020
128068521 3897
143119757 8813
175951455 9613
259813610 976
225122815 1488
380347716 3636
291949277 3344
398066220 1635
336909556 6891
324454951 1838
57730849 6107
313194403 5450
329458123 3058
315466457 2457
366460785 3476
50228964 764
342404968 1602
143528168 8138
349785384 8928
56096847 3138
17857397 2318
257628102 8705
32151759 8560
50102864 5103
316335415 4033
357868485 6193
379649510 4356
128462160 3929
19811241 3
13605090 9749
14587538 8623
13513001 2298
753313446 30
368187460 6623
408055561 8120
316741910 9769
501783586 4410
520475645 318
683407342 9568
146334363 67
298733085 1689
545841121 7246
131310659 1210
482774098 7089
650582405 647
524936220 8877
722887749 5235
90938547 9342
314814251 1628
259201699 9775
652449422 1868
372088528 3682
690242631 9105
115235349 3235
83573048 5694
98671595 6586
138223045 4692
142762241 709
293127582 8958
363858429 9251
81193821 6837
120086303 756
333074467 3573
546215880 22
18816421 946
169801924 4503
171775975 6232
59237278 8590
418692543 6410
210920080 972
528654585 5549
4027708 3874
96835906 7380
114613562 5846
485984404 2582
333507234 743
259651412 7259
132930638 4517
295586509 3365
431469156 2433
508190785 3784
495864110 4347
394897471 4879
217383438 4909
304278883 2113
90799508 445
648243245 7
219984508 3103
611849174 1254
79007187 8804
71000257 3071
99445169 9534
183090973 9693
574481147 5070
599661680 100
440586839 252
140239157 361
427151128 9835
143967062 4778
363664953 4003
237378121 8317
427494864 721
323654245 8330
58454457 6177
385724513 6008
546956595 7460
524218054 7448
493068599 7646
547167387 7464
320315386 3626
562927264 5152
399334753 8990
459800750 530
497973543 9877
464507066 3120
525751459 2472
11126922 967
229644751 8020
257352765 942
203408391 5321
240828904 5378
486943037 9083
335826183 1698
582198359 4832
475916220 2753
448142883 6331
22286419 1047
450932111 1820
416502180 6178
495715662 1242
172507845 1528
478626500 1757
206637118 2775
583293265 5414
211936220 4479
166602994 6786
96247281 3214
270128438 417
168361305 4694
33372431 4206
475019010 996
326108578 9048
148601391 444
114397531 4562
355048375 2660
505411853 7672
546019904 2758
6571474 4348
185634159 9051
46252546 3167
368951077 6520
527036088 9674
294660139 2923
245586959 1486
48527272 6619
591779978 470
41492661 1460
248710665 1303
35390186 2159
184786864 9576
87955594 538
328927988 2277
373821438 3204
139395733 867
481044199 8028
497472027 3749
352124603 8051
343716497 716
574055003 9359
467481578 8932
115995081 8065
69568697 4637
558336146 2136
234168675 7166
555745375 1179
437038674 9144
279819447 4993
335211138 5746
548019680 985
162977534 6787
557758261 7729
287460114 3231
517389041 4284
454561069 4552
442246095 2384
200115547 7748
512076803 6017
225360464 5249
364337290 3091
56116522 9373
364303312 1355
49413858 5434
55021619 818
51905515 6488
137632866 8049
47378251 10
39524667 9988
40709017 1357
37629721 9189
5766783 2419
34881037 8002
38156391 2746
29548549 7925
43050991 9955
34057072 9115
37394184 7460
269414059 100
70100890 4930
168875079 8968
131464657 5127
16849812 4538
19082230 9424
192830917 4218
61496948 9640
88468662 4623
96438276 1117
191533587 1058
126577761 1529
215493600 8691
144688005 5274
160066789 4112
200312857 1651
76204114 3646
115139197 4744
68666425 740
183920004 7628
81810292 3426
227956512 3715
78385920 8052
187058523 4002
16880969 3260
65393866 221
201994517 2774
54988978 237
52614375 1969
91195693 9393
25467957 3670
206907329 8370
56724029 4845
155281883 1335
259596804 4130
260772348 747
19318527 8982
123184384 6792
18929710 8355
254743878 924
21803820 5518
146689967 6025
263566022 7068
56655927 8867
217223066 4165
49782476 3806
34336692 523
201184715 2462
239778768 236
196049791 5337
183826969 4481
200679485 1526
208729872 7660
62259746 3907
216940656 8146
210969080 459
223275440 7099
153639136 4162
204314455 9155
195999165 5812
43567251 6104
247360674 8052
72255173 2543
88737587 2523
268814281 2511
24904446 7057
263361570 7689
79908180 176
192926425 4644
111890983 1406
39349736 8339
59418640 8240
99489008 3078
2595312 1359
267588517 8775
155861055 5811
156210325 6562
156649134 6247
133811017 8117
113186230 8343
197979987 884
228791152 9470
80622740 9742
251666927 7344
152342344 6043
46039643 7651
216953781 4367
210272633 9718
261332491 541
113196338 6515
269280102 5650
230407681 6300
185851633 9556
35942165 7764
68428284 4627
13988084 6246
152012082 7405
90768242 2251
76988006 1578
16578647 900
235528670 7764
1000000000 100
9200 217
8200 243
5000 400
900 10000
3500 10000
2100 10000
3000 666
4700 10000
5900 10000
3900 10000
1300 10000
6200 322
7900 10000
1700 10000
1100 10000
1800 1111
5600 357
4600 434
6000 333
6400 312
300 10000
4000 500
2000 1000
9800 204
2400 833
5300 10000
1400 1428
5700 10000
500 10000
8400 238
5800 344
4300 10000
7000 285
8500 10000
8100 10000
2500 10000
3300 10000
4200 476
600 3333
1900 10000
8700 10000
5200 384
2200 909
5100 10000
10000 200
1500 10000
2900 10000
800 2500
1600 1250
4400 454
9900 10000
4900 10000
9400 212
3200 625
8900 10000
9600 208
9100 10000
1200 1666
5400 370
6700 10000
7800 256
6600 303
700 10000
4100 10000
3100 10000
7300 10000
3600 555
6100 10000
2700 10000
3800 526
8600 232
2600 769
6800 294
6500 10000
200 10000
9500 10000
6900 10000
7200 277
6300 10000
3700 10000
9000 222
7600 263
7700 10000
400 5000
5500 10000
100 10000
4800 416
9300 10000
8000 250
2800 714
2300 10000
8800 227
9700 10000
4500 10000
3400 588
1000 2000
7500 10000
7100 10000
7400 270
8300 10000
