99
2525 1
2400 5
300 2
120 60
60 90
440489185 1
44446530 347
840380777 1
459163650 4025
566774620 1
547997111 7220
1000000000 2
999999997 3
999999998 2
66945743 1
50975327 2977
711504074 1
514811845 2818
906696765 1
569857539 1154
651636267 1
344877482 4468
95644215 1
76994107 9297
997809224 1
439692426 588
127883527 1
89955033 1254
2 1
1 1
2 1
1 10000
603032940 1
316579047 2124
636511977 1
184640204 6450
470743257 1
211953721 6620
299230706 1
37993648 9059
513370225 1
289015004 6942
486286794 1
405780392 2980
291086618 1
49422657 557
943295625 1
478380237 94
934386872 1
165317738 6500
483369497 1
233395305 3479
388198782 1
334532610 4413
948814993 1
583909773 452
723469325 1
476055694 3336
415286786 1
254471043 177
447346654 1
2130496 554
468994083 1
212889065 1945
1000000000 2
999999998 3
999999999 2
215830707 1
173283945 1506
474417085 1
270845867 9943
13968622 1
3063019 6087
393627713 1
21272359 4499
169624416 1
165449372 1154
1000000000 2
999000000 10000
998000000 10000
966248995 1
547775556 1688
48554326 1
19046573 4618
415972843 1
14423660 2607
892625508 1
788473750 7797
767932596 1
226411662 1755
474093840 1
329780330 2849
156161700 1
133547633 5320
431455131 1
223126603 1435
385210885 1
161607490 3768
1000000000 2
999000000 1
998000000 1
882667264 1
110915980 3361
781598324 1
552576995 4986
1000000000 1
999999999 1
56513450 1
44531083 5466
186100975 1
96068958 3048
146808864 1
78855129 9694
190044309 1
108187417 4630
287507156 1
124661319 5453
922643871 1
95134783 7300
25302245 1
16993262 9394
785766276 1
232636463 6508
715253565 1
407592192 7959
533411218 1
485453979 4341
581838918 1
27474513 5745
222580349 1
128041014 1890
936697544 1
790266421 6839
370841916 1
332670879 4101
513722443 2
156935842 6416
232211613 9896
477880354 1
264303972 6189
21778414 1
17101882 8875
834138143 1
785482928 3977
424446339 1
274119557 7354
270644864 2
15434105 4123
2272974 9588
128717846 1
84857559 6610
1000000000 2
12345676 2
12345675 3
43910807 1
23592559 7484
43682919 1
28389408 3215
1000000000 1
1 10000
794858231 1
777314037 8464
333565115 1
123573698 2532
809537335 1
641903531 7812
1000000000 2
2 2
1 3
829741424 1
521195158 3755
261290959 1
134453540 9718
60122604 1
37411499 2858
315207340 1
177911162 7022
884568665 1
438611355 1491
831312330 1
830712556 501
557950928 1
193117470 3049
31821721 1
21419749 4134
1000000000 1
1 1
706752626 1
624477709 4355
1000000000 2
999999997 2
999999996 3
1000000000 2
200 10000
100 10000
200000 2
5000 3
5001 1
1000000000 1
999999999 10000
959087074 1
786239558 5650
488163853 1
445632580 5601
758778937 1
70524937 3175
240596649 1
10472876 4005
508343460 1
136594337 6768
